customer_id,no_complaints,no_feedbacks,no_inquiry,no_resolved,no_unresolved,no_interactions,recency,complaint_rate,unresolution_rate,feedback_rate
1,0,0,1,1,0,1,1268,0.0,0.0,0.0
2,0,0,1,1,0,1,1282,0.0,0.0,0.0
3,0,0,1,1,0,1,1122,0.0,0.0,0.0
4,0,0,2,1,1,2,1036,0.0,0.5,0.0
6,0,1,0,1,0,1,1233,0.0,0.0,1.0
8,0,1,1,0,2,2,1102,0.0,1.0,0.5
9,0,0,1,1,0,1,1131,0.0,0.0,0.0
11,0,2,0,1,1,2,1057,0.0,0.5,1.0
12,0,1,1,1,1,2,1025,0.0,0.5,0.5
13,1,0,0,1,0,1,1150,1.0,0.0,0.0
14,1,1,0,1,1,2,1148,0.5,0.5,0.5
15,1,1,0,0,2,2,1067,0.5,1.0,0.5
16,0,0,2,2,0,2,1107,0.0,0.0,0.0
17,0,0,2,1,1,2,1227,0.0,0.5,0.0
18,0,0,1,0,1,1,1046,0.0,1.0,0.0
19,2,0,0,0,2,2,1026,1.0,1.0,0.0
20,0,1,0,1,0,1,1158,0.0,0.0,1.0
22,0,0,2,2,0,2,1140,0.0,0.0,0.0
23,2,0,0,1,1,2,1281,1.0,0.5,0.0
24,1,0,0,1,0,1,1052,1.0,0.0,0.0
25,0,1,0,1,0,1,1018,0.0,0.0,1.0
26,1,0,0,1,0,1,1012,1.0,0.0,0.0
27,0,1,0,0,1,1,1194,0.0,1.0,1.0
28,1,0,1,0,2,2,1023,0.5,1.0,0.0
29,0,1,1,1,1,2,1102,0.0,0.5,0.5
30,2,0,0,1,1,2,1069,1.0,0.5,0.0
31,1,0,1,2,0,2,1189,0.5,0.0,0.0
33,0,1,0,1,0,1,1208,0.0,0.0,1.0
34,0,2,0,1,1,2,1175,0.0,0.5,1.0
35,1,0,0,0,1,1,1170,1.0,1.0,0.0
36,0,1,0,1,0,1,1057,0.0,0.0,1.0
37,1,0,0,1,0,1,1279,1.0,0.0,0.0
38,0,0,1,1,0,1,1274,0.0,0.0,0.0
40,1,0,0,1,0,1,1031,1.0,0.0,0.0
41,0,0,1,0,1,1,1301,0.0,1.0,0.0
43,0,0,2,1,1,2,1038,0.0,0.5,0.0
44,0,1,0,0,1,1,1250,0.0,1.0,1.0
45,1,0,0,0,1,1,1182,1.0,1.0,0.0
50,1,1,0,0,2,2,1051,0.5,1.0,0.5
54,1,1,0,2,0,2,1033,0.5,0.0,0.5
57,1,0,0,0,1,1,1017,1.0,1.0,0.0
58,1,0,1,0,2,2,1160,0.5,1.0,0.0
60,0,2,0,1,1,2,1199,0.0,0.5,1.0
61,1,0,0,1,0,1,1258,1.0,0.0,0.0
62,1,0,1,2,0,2,997,0.5,0.0,0.0
67,0,0,2,2,0,2,1217,0.0,0.0,0.0
68,1,0,1,0,2,2,1201,0.5,1.0,0.0
69,0,1,0,1,0,1,1080,0.0,0.0,1.0
71,0,1,1,1,1,2,1255,0.0,0.5,0.5
72,2,0,0,1,1,2,1350,1.0,0.5,0.0
73,0,0,1,1,0,1,1131,0.0,0.0,0.0
74,1,0,0,1,0,1,1297,1.0,0.0,0.0
75,0,0,1,1,0,1,1125,0.0,0.0,0.0
76,1,0,1,1,1,2,1036,0.5,0.5,0.0
78,0,0,1,0,1,1,1031,0.0,1.0,0.0
79,1,0,0,1,0,1,1330,1.0,0.0,0.0
83,0,2,0,0,2,2,1246,0.0,1.0,1.0
87,1,0,1,1,1,2,1014,0.5,0.5,0.0
90,0,0,1,1,0,1,1111,0.0,0.0,0.0
91,0,1,1,1,1,2,1214,0.0,0.5,0.5
92,0,1,1,1,1,2,1079,0.0,0.5,0.5
93,2,0,0,2,0,2,1078,1.0,0.0,0.0
95,1,0,0,1,0,1,1147,1.0,0.0,0.0
96,2,0,0,0,2,2,1307,1.0,1.0,0.0
97,1,0,1,2,0,2,1135,0.5,0.0,0.0
98,0,1,0,1,0,1,1026,0.0,0.0,1.0
100,1,1,0,2,0,2,1023,0.5,0.0,0.5
101,0,1,1,1,1,2,1064,0.0,0.5,0.5
102,1,1,0,1,1,2,1055,0.5,0.5,0.5
103,0,2,0,2,0,2,999,0.0,0.0,1.0
104,0,0,2,1,1,2,1246,0.0,0.5,0.0
105,0,0,2,0,2,2,1069,0.0,1.0,0.0
106,1,0,1,1,1,2,1217,0.5,0.5,0.0
108,0,1,1,0,2,2,1041,0.0,1.0,0.5
109,1,0,1,0,2,2,1013,0.5,1.0,0.0
110,0,1,1,2,0,2,1019,0.0,0.0,0.5
111,0,0,1,0,1,1,1294,0.0,1.0,0.0
112,0,0,1,1,0,1,1290,0.0,0.0,0.0
113,1,0,0,0,1,1,1130,1.0,1.0,0.0
116,1,0,0,1,0,1,1212,1.0,0.0,0.0
118,0,0,1,0,1,1,1325,0.0,1.0,0.0
119,1,1,0,2,0,2,1301,0.5,0.0,0.5
120,1,1,0,1,1,2,1047,0.5,0.5,0.5
121,2,0,0,1,1,2,1018,1.0,0.5,0.0
122,0,1,0,1,0,1,1267,0.0,0.0,1.0
123,0,0,2,2,0,2,1043,0.0,0.0,0.0
124,0,1,1,2,0,2,999,0.0,0.0,0.5
127,0,1,0,1,0,1,1240,0.0,0.0,1.0
128,2,0,0,1,1,2,1129,1.0,0.5,0.0
129,0,0,1,1,0,1,1228,0.0,0.0,0.0
130,0,1,0,0,1,1,1109,0.0,1.0,1.0
131,0,0,1,1,0,1,1021,0.0,0.0,0.0
133,0,0,1,1,0,1,1134,0.0,0.0,0.0
134,0,0,1,0,1,1,1242,0.0,1.0,0.0
138,0,0,1,0,1,1,1299,0.0,1.0,0.0
139,0,1,1,1,1,2,1159,0.0,0.5,0.5
140,0,1,0,1,0,1,1241,0.0,0.0,1.0
141,2,0,0,2,0,2,1215,1.0,0.0,0.0
142,0,1,0,0,1,1,1295,0.0,1.0,1.0
143,0,0,1,1,0,1,1017,0.0,0.0,0.0
144,0,0,1,1,0,1,1162,0.0,0.0,0.0
145,1,1,0,0,2,2,1058,0.5,1.0,0.5
147,1,1,0,1,1,2,1035,0.5,0.5,0.5
148,1,0,1,1,1,2,1195,0.5,0.5,0.0
149,1,0,0,1,0,1,1284,1.0,0.0,0.0
151,0,1,1,1,1,2,1033,0.0,0.5,0.5
153,1,0,0,0,1,1,1142,1.0,1.0,0.0
155,2,0,0,2,0,2,1030,1.0,0.0,0.0
159,1,0,1,0,2,2,1256,0.5,1.0,0.0
160,1,0,1,1,1,2,1158,0.5,0.5,0.0
161,1,0,0,0,1,1,1181,1.0,1.0,0.0
162,1,1,0,1,1,2,1027,0.5,0.5,0.5
163,0,1,1,1,1,2,1070,0.0,0.5,0.5
164,0,1,0,1,0,1,1018,0.0,0.0,1.0
166,0,1,0,1,0,1,1042,0.0,0.0,1.0
167,0,1,0,1,0,1,1020,0.0,0.0,1.0
168,2,0,0,1,1,2,1099,1.0,0.5,0.0
169,0,0,1,0,1,1,1168,0.0,1.0,0.0
170,0,0,1,0,1,1,1353,0.0,1.0,0.0
171,0,1,0,1,0,1,1099,0.0,0.0,1.0
172,1,0,1,1,1,2,1176,0.5,0.5,0.0
173,0,0,1,1,0,1,1040,0.0,0.0,0.0
174,1,0,0,0,1,1,1269,1.0,1.0,0.0
175,0,0,2,1,1,2,1279,0.0,0.5,0.0
177,0,0,1,0,1,1,1318,0.0,1.0,0.0
182,0,0,2,2,0,2,1029,0.0,0.0,0.0
183,0,0,1,1,0,1,1324,0.0,0.0,0.0
185,1,0,1,2,0,2,1063,0.5,0.0,0.0
187,1,1,0,2,0,2,1037,0.5,0.0,0.5
188,0,1,1,1,1,2,1102,0.0,0.5,0.5
189,0,1,1,1,1,2,1112,0.0,0.5,0.5
190,0,0,1,0,1,1,1199,0.0,1.0,0.0
191,0,1,1,1,1,2,1270,0.0,0.5,0.5
192,1,1,0,1,1,2,1028,0.5,0.5,0.5
193,0,1,1,1,1,2,1069,0.0,0.5,0.5
195,0,1,1,1,1,2,1099,0.0,0.5,0.5
196,1,0,1,0,2,2,1241,0.5,1.0,0.0
197,1,0,1,1,1,2,1162,0.5,0.5,0.0
199,1,1,0,1,1,2,1038,0.5,0.5,0.5
200,1,0,1,2,0,2,1038,0.5,0.0,0.0
201,0,1,1,1,1,2,1125,0.0,0.5,0.5
202,0,1,1,2,0,2,1101,0.0,0.0,0.5
203,2,0,0,2,0,2,1118,1.0,0.0,0.0
204,0,2,0,1,1,2,1170,0.0,0.5,1.0
212,0,1,0,1,0,1,1053,0.0,0.0,1.0
213,1,0,0,1,0,1,1345,1.0,0.0,0.0
215,1,0,1,0,2,2,1030,0.5,1.0,0.0
216,0,2,0,2,0,2,1011,0.0,0.0,1.0
217,0,1,0,0,1,1,1265,0.0,1.0,1.0
221,1,0,0,1,0,1,1217,1.0,0.0,0.0
223,0,0,1,1,0,1,1125,0.0,0.0,0.0
225,0,2,0,1,1,2,1227,0.0,0.5,1.0
226,0,1,0,0,1,1,1337,0.0,1.0,1.0
228,0,1,1,1,1,2,1142,0.0,0.5,0.5
229,0,0,1,0,1,1,1134,0.0,1.0,0.0
230,2,0,0,1,1,2,1106,1.0,0.5,0.0
232,0,2,0,0,2,2,1030,0.0,1.0,1.0
233,0,0,2,2,0,2,1076,0.0,0.0,0.0
235,0,2,0,0,2,2,1166,0.0,1.0,1.0
236,1,1,0,2,0,2,1169,0.5,0.0,0.5
238,0,0,1,0,1,1,1170,0.0,1.0,0.0
239,1,0,0,0,1,1,1049,1.0,1.0,0.0
240,1,0,0,1,0,1,1275,1.0,0.0,0.0
241,1,0,0,1,0,1,1209,1.0,0.0,0.0
242,1,1,0,1,1,2,1091,0.5,0.5,0.5
243,0,0,1,0,1,1,1006,0.0,1.0,0.0
244,2,0,0,0,2,2,1105,1.0,1.0,0.0
246,0,0,1,1,0,1,1085,0.0,0.0,0.0
247,1,1,0,2,0,2,1062,0.5,0.0,0.5
248,1,0,0,0,1,1,1181,1.0,1.0,0.0
249,1,0,0,0,1,1,1345,1.0,1.0,0.0
250,0,0,1,1,0,1,1253,0.0,0.0,0.0
251,1,0,0,1,0,1,1072,1.0,0.0,0.0
253,1,0,0,1,0,1,1155,1.0,0.0,0.0
254,1,0,1,1,1,2,1149,0.5,0.5,0.0
255,1,0,0,0,1,1,1252,1.0,1.0,0.0
256,0,1,1,1,1,2,1136,0.0,0.5,0.5
257,0,0,1,1,0,1,1000,0.0,0.0,0.0
258,1,1,0,1,1,2,1046,0.5,0.5,0.5
259,0,1,0,1,0,1,1201,0.0,0.0,1.0
260,0,0,1,1,0,1,998,0.0,0.0,0.0
261,1,0,0,0,1,1,1208,1.0,1.0,0.0
262,0,2,0,0,2,2,1250,0.0,1.0,1.0
263,1,1,0,2,0,2,1170,0.5,0.0,0.5
264,0,0,1,1,0,1,1294,0.0,0.0,0.0
266,0,0,1,1,0,1,1022,0.0,0.0,0.0
267,0,0,1,0,1,1,1081,0.0,1.0,0.0
269,0,2,0,1,1,2,1219,0.0,0.5,1.0
270,0,0,1,0,1,1,1283,0.0,1.0,0.0
272,0,1,1,0,2,2,1006,0.0,1.0,0.5
274,0,1,0,0,1,1,1199,0.0,1.0,1.0
275,0,1,1,1,1,2,1208,0.0,0.5,0.5
278,0,1,0,0,1,1,1140,0.0,1.0,1.0
279,0,0,1,1,0,1,1255,0.0,0.0,0.0
280,1,0,1,1,1,2,1196,0.5,0.5,0.0
281,0,0,1,1,0,1,1154,0.0,0.0,0.0
282,0,1,0,1,0,1,1060,0.0,0.0,1.0
286,0,2,0,1,1,2,1069,0.0,0.5,1.0
287,0,0,2,1,1,2,1020,0.0,0.5,0.0
288,1,0,1,0,2,2,1037,0.5,1.0,0.0
290,0,0,1,0,1,1,1003,0.0,1.0,0.0
291,1,1,0,0,2,2,1128,0.5,1.0,0.5
292,0,2,0,1,1,2,1241,0.0,0.5,1.0
294,0,0,1,1,0,1,1107,0.0,0.0,0.0
296,0,0,1,0,1,1,1272,0.0,1.0,0.0
298,0,1,0,0,1,1,1047,0.0,1.0,1.0
299,0,0,2,1,1,2,1204,0.0,0.5,0.0
300,0,1,1,2,0,2,1051,0.0,0.0,0.5
301,0,0,1,1,0,1,1085,0.0,0.0,0.0
302,0,1,1,2,0,2,1086,0.0,0.0,0.5
303,1,0,0,1,0,1,1123,1.0,0.0,0.0
304,0,0,1,0,1,1,1016,0.0,1.0,0.0
307,1,0,0,1,0,1,1283,1.0,0.0,0.0
309,0,0,1,1,0,1,996,0.0,0.0,0.0
311,2,0,0,2,0,2,1200,1.0,0.0,0.0
312,0,1,1,0,2,2,1277,0.0,1.0,0.5
314,0,0,1,0,1,1,1143,0.0,1.0,0.0
315,1,0,0,0,1,1,1341,1.0,1.0,0.0
317,2,0,0,0,2,2,1217,1.0,1.0,0.0
320,1,1,0,1,1,2,1299,0.5,0.5,0.5
321,1,1,0,1,1,2,1027,0.5,0.5,0.5
322,0,1,1,0,2,2,1064,0.0,1.0,0.5
323,0,0,1,1,0,1,1231,0.0,0.0,0.0
324,2,0,0,0,2,2,1122,1.0,1.0,0.0
325,2,0,0,0,2,2,1031,1.0,1.0,0.0
327,1,0,1,1,1,2,994,0.5,0.5,0.0
329,0,1,0,0,1,1,1184,0.0,1.0,1.0
331,1,1,0,1,1,2,1032,0.5,0.5,0.5
333,1,0,1,1,1,2,1006,0.5,0.5,0.0
334,1,0,0,1,0,1,1197,1.0,0.0,0.0
335,0,2,0,2,0,2,1069,0.0,0.0,1.0
339,0,1,0,1,0,1,1285,0.0,0.0,1.0
340,1,0,0,0,1,1,1317,1.0,1.0,0.0
341,0,1,0,1,0,1,1212,0.0,0.0,1.0
342,0,1,0,1,0,1,1013,0.0,0.0,1.0
343,0,1,1,2,0,2,997,0.0,0.0,0.5
344,1,1,0,1,1,2,1260,0.5,0.5,0.5
345,0,0,1,1,0,1,1142,0.0,0.0,0.0
346,0,0,1,0,1,1,1350,0.0,1.0,0.0
347,1,1,0,1,1,2,1034,0.5,0.5,0.5
348,1,0,0,1,0,1,1289,1.0,0.0,0.0
349,2,0,0,2,0,2,1194,1.0,0.0,0.0
350,1,0,0,0,1,1,1198,1.0,1.0,0.0
351,1,0,0,0,1,1,1306,1.0,1.0,0.0
352,2,0,0,1,1,2,1018,1.0,0.5,0.0
353,0,1,1,1,1,2,1066,0.0,0.5,0.5
354,0,1,0,0,1,1,1150,0.0,1.0,1.0
355,1,0,1,1,1,2,1057,0.5,0.5,0.0
357,0,1,1,1,1,2,1134,0.0,0.5,0.5
358,1,0,0,0,1,1,1066,1.0,1.0,0.0
359,1,0,0,1,0,1,1226,1.0,0.0,0.0
360,1,1,0,2,0,2,1060,0.5,0.0,0.5
362,1,1,0,1,1,2,1205,0.5,0.5,0.5
363,1,0,0,1,0,1,1326,1.0,0.0,0.0
364,0,0,2,2,0,2,1213,0.0,0.0,0.0
365,0,1,0,1,0,1,1187,0.0,0.0,1.0
367,1,0,0,0,1,1,1235,1.0,1.0,0.0
369,0,0,1,0,1,1,998,0.0,1.0,0.0
370,0,1,1,1,1,2,1090,0.0,0.5,0.5
371,0,2,0,2,0,2,1003,0.0,0.0,1.0
372,1,1,0,1,1,2,1038,0.5,0.5,0.5
373,1,0,0,0,1,1,1309,1.0,1.0,0.0
375,0,1,0,0,1,1,1237,0.0,1.0,1.0
376,1,0,0,1,0,1,1202,1.0,0.0,0.0
377,0,1,1,1,1,2,1211,0.0,0.5,0.5
378,1,1,0,1,1,2,1108,0.5,0.5,0.5
379,1,0,0,1,0,1,1078,1.0,0.0,0.0
381,0,0,1,1,0,1,1305,0.0,0.0,0.0
382,0,0,1,1,0,1,1037,0.0,0.0,0.0
383,1,1,0,1,1,2,1241,0.5,0.5,0.5
384,1,0,1,1,1,2,1037,0.5,0.5,0.0
386,0,0,1,1,0,1,1269,0.0,0.0,0.0
387,1,0,1,0,2,2,1022,0.5,1.0,0.0
392,0,0,1,1,0,1,1183,0.0,0.0,0.0
393,0,0,1,1,0,1,1334,0.0,0.0,0.0
394,1,1,0,1,1,2,1148,0.5,0.5,0.5
395,1,1,0,1,1,2,1117,0.5,0.5,0.5
396,2,0,0,0,2,2,1214,1.0,1.0,0.0
398,0,1,0,1,0,1,1093,0.0,0.0,1.0
399,0,0,1,1,0,1,1142,0.0,0.0,0.0
401,1,1,0,1,1,2,1052,0.5,0.5,0.5
402,0,1,1,1,1,2,1254,0.0,0.5,0.5
403,1,1,0,2,0,2,1101,0.5,0.0,0.5
404,1,0,0,1,0,1,1331,1.0,0.0,0.0
406,2,0,0,1,1,2,1090,1.0,0.5,0.0
407,1,0,0,0,1,1,1278,1.0,1.0,0.0
408,1,1,0,1,1,2,1090,0.5,0.5,0.5
409,0,1,0,0,1,1,1057,0.0,1.0,1.0
410,0,0,1,0,1,1,1089,0.0,1.0,0.0
413,0,1,1,0,2,2,1106,0.0,1.0,0.5
414,0,1,0,1,0,1,1170,0.0,0.0,1.0
415,0,0,1,1,0,1,1318,0.0,0.0,0.0
416,1,1,0,0,2,2,1241,0.5,1.0,0.5
418,1,0,1,1,1,2,1078,0.5,0.5,0.0
420,1,1,0,2,0,2,1139,0.5,0.0,0.5
421,1,0,0,0,1,1,1229,1.0,1.0,0.0
422,0,1,0,1,0,1,1321,0.0,0.0,1.0
424,0,0,1,0,1,1,1191,0.0,1.0,0.0
425,1,0,1,1,1,2,1029,0.5,0.5,0.0
427,0,1,1,2,0,2,1010,0.0,0.0,0.5
428,1,1,0,1,1,2,1109,0.5,0.5,0.5
429,2,0,0,1,1,2,1062,1.0,0.5,0.0
430,0,1,1,1,1,2,1010,0.0,0.5,0.5
431,0,1,0,1,0,1,1244,0.0,0.0,1.0
434,0,2,0,1,1,2,1085,0.0,0.5,1.0
435,1,0,0,1,0,1,1159,1.0,0.0,0.0
436,0,2,0,1,1,2,1021,0.0,0.5,1.0
438,1,0,0,1,0,1,1259,1.0,0.0,0.0
439,1,0,1,0,2,2,1179,0.5,1.0,0.0
440,0,1,1,1,1,2,1058,0.0,0.5,0.5
441,1,0,0,0,1,1,1035,1.0,1.0,0.0
442,0,0,1,1,0,1,1063,0.0,0.0,0.0
445,0,1,1,1,1,2,1000,0.0,0.5,0.5
446,0,1,1,1,1,2,1031,0.0,0.5,0.5
449,1,0,1,0,2,2,1217,0.5,1.0,0.0
451,1,0,1,1,1,2,1074,0.5,0.5,0.0
452,1,0,0,0,1,1,1189,1.0,1.0,0.0
455,1,1,0,2,0,2,1147,0.5,0.0,0.5
456,1,0,0,0,1,1,1279,1.0,1.0,0.0
457,1,1,0,0,2,2,1139,0.5,1.0,0.5
459,0,1,0,0,1,1,1244,0.0,1.0,1.0
460,0,2,0,0,2,2,1148,0.0,1.0,1.0
461,0,1,1,0,2,2,1154,0.0,1.0,0.5
467,0,1,0,1,0,1,1250,0.0,0.0,1.0
469,0,0,2,0,2,2,1176,0.0,1.0,0.0
470,0,1,0,0,1,1,1280,0.0,1.0,1.0
471,1,0,1,1,1,2,1181,0.5,0.5,0.0
474,1,0,1,1,1,2,1138,0.5,0.5,0.0
475,1,0,0,1,0,1,1178,1.0,0.0,0.0
476,0,0,1,1,0,1,1068,0.0,0.0,0.0
479,0,2,0,1,1,2,1100,0.0,0.5,1.0
480,0,1,0,0,1,1,1348,0.0,1.0,1.0
481,0,0,1,1,0,1,1247,0.0,0.0,0.0
482,0,2,0,2,0,2,1285,0.0,0.0,1.0
483,0,1,0,0,1,1,1047,0.0,1.0,1.0
485,0,0,1,1,0,1,1040,0.0,0.0,0.0
486,1,1,0,1,1,2,1143,0.5,0.5,0.5
487,0,0,2,1,1,2,1046,0.0,0.5,0.0
490,0,2,0,1,1,2,1108,0.0,0.5,1.0
491,0,0,1,1,0,1,996,0.0,0.0,0.0
494,1,0,0,1,0,1,1047,1.0,0.0,0.0
495,0,0,1,0,1,1,1247,0.0,1.0,0.0
496,0,1,0,1,0,1,1331,0.0,0.0,1.0
497,2,0,0,0,2,2,1210,1.0,1.0,0.0
499,1,0,0,1,0,1,1351,1.0,0.0,0.0
502,1,1,0,0,2,2,1265,0.5,1.0,0.5
504,0,1,0,0,1,1,1201,0.0,1.0,1.0
505,2,0,0,1,1,2,1224,1.0,0.5,0.0
506,1,0,1,0,2,2,1220,0.5,1.0,0.0
507,1,0,1,1,1,2,1028,0.5,0.5,0.0
509,0,0,1,0,1,1,1126,0.0,1.0,0.0
510,1,0,0,0,1,1,1061,1.0,1.0,0.0
511,1,0,0,1,0,1,1352,1.0,0.0,0.0
518,0,1,1,1,1,2,1238,0.0,0.5,0.5
519,2,0,0,1,1,2,1167,1.0,0.5,0.0
520,1,0,1,2,0,2,1118,0.5,0.0,0.0
521,1,1,0,1,1,2,1220,0.5,0.5,0.5
522,0,2,0,1,1,2,1104,0.0,0.5,1.0
524,0,1,0,0,1,1,1137,0.0,1.0,1.0
525,0,0,1,0,1,1,1030,0.0,1.0,0.0
526,0,1,0,1,0,1,1278,0.0,0.0,1.0
528,0,1,0,1,0,1,1012,0.0,0.0,1.0
529,0,1,0,0,1,1,1345,0.0,1.0,1.0
531,1,0,0,0,1,1,1104,1.0,1.0,0.0
532,1,1,0,1,1,2,1145,0.5,0.5,0.5
533,0,1,0,0,1,1,1342,0.0,1.0,1.0
534,1,0,1,0,2,2,1042,0.5,1.0,0.0
536,0,1,0,0,1,1,1157,0.0,1.0,1.0
538,0,1,1,1,1,2,1005,0.0,0.5,0.5
539,0,1,1,1,1,2,1098,0.0,0.5,0.5
540,0,1,0,0,1,1,1167,0.0,1.0,1.0
541,2,0,0,1,1,2,1113,1.0,0.5,0.0
543,1,0,0,0,1,1,1321,1.0,1.0,0.0
544,1,0,0,0,1,1,1203,1.0,1.0,0.0
545,1,0,1,2,0,2,1108,0.5,0.0,0.0
546,2,0,0,2,0,2,1111,1.0,0.0,0.0
550,1,0,1,1,1,2,1002,0.5,0.5,0.0
551,1,1,0,0,2,2,1177,0.5,1.0,0.5
554,0,1,0,1,0,1,1269,0.0,0.0,1.0
556,0,1,0,1,0,1,1053,0.0,0.0,1.0
557,0,2,0,1,1,2,1001,0.0,0.5,1.0
559,1,0,0,0,1,1,1339,1.0,1.0,0.0
561,0,1,0,1,0,1,1247,0.0,0.0,1.0
565,0,0,2,1,1,2,1056,0.0,0.5,0.0
568,0,1,0,1,0,1,1166,0.0,0.0,1.0
569,1,0,0,1,0,1,1064,1.0,0.0,0.0
570,1,1,0,1,1,2,1055,0.5,0.5,0.5
571,0,1,0,0,1,1,1285,0.0,1.0,1.0
574,0,1,0,1,0,1,1085,0.0,0.0,1.0
575,1,0,1,1,1,2,1101,0.5,0.5,0.0
576,0,2,0,0,2,2,1116,0.0,1.0,1.0
577,0,1,0,0,1,1,1156,0.0,1.0,1.0
578,1,0,0,1,0,1,1094,1.0,0.0,0.0
580,1,1,0,1,1,2,1022,0.5,0.5,0.5
581,1,0,0,0,1,1,1153,1.0,1.0,0.0
584,1,1,0,1,1,2,1189,0.5,0.5,0.5
585,0,1,1,2,0,2,1164,0.0,0.0,0.5
586,0,1,0,0,1,1,1287,0.0,1.0,1.0
587,0,0,1,1,0,1,1006,0.0,0.0,0.0
588,1,0,1,1,1,2,1196,0.5,0.5,0.0
589,1,0,1,1,1,2,1035,0.5,0.5,0.0
591,1,1,0,1,1,2,1119,0.5,0.5,0.5
593,0,1,0,1,0,1,1100,0.0,0.0,1.0
594,0,1,1,1,1,2,999,0.0,0.5,0.5
595,0,1,0,1,0,1,1059,0.0,0.0,1.0
597,0,1,0,0,1,1,1156,0.0,1.0,1.0
599,1,1,0,2,0,2,1046,0.5,0.0,0.5
600,0,0,1,0,1,1,1233,0.0,1.0,0.0
601,1,1,0,1,1,2,1253,0.5,0.5,0.5
604,1,1,0,1,1,2,1093,0.5,0.5,0.5
607,1,0,0,0,1,1,1038,1.0,1.0,0.0
608,1,0,0,0,1,1,1110,1.0,1.0,0.0
609,2,0,0,1,1,2,1133,1.0,0.5,0.0
611,1,0,0,0,1,1,1180,1.0,1.0,0.0
612,1,1,0,2,0,2,1133,0.5,0.0,0.5
614,0,1,0,1,0,1,1039,0.0,0.0,1.0
615,0,2,0,1,1,2,1134,0.0,0.5,1.0
616,0,1,0,0,1,1,1127,0.0,1.0,1.0
618,0,1,1,2,0,2,1224,0.0,0.0,0.5
619,0,1,0,0,1,1,1029,0.0,1.0,1.0
620,1,0,0,0,1,1,1300,1.0,1.0,0.0
621,0,1,0,1,0,1,1149,0.0,0.0,1.0
622,0,0,1,0,1,1,1180,0.0,1.0,0.0
623,0,0,2,0,2,2,1035,0.0,1.0,0.0
627,0,1,0,1,0,1,1166,0.0,0.0,1.0
628,0,0,1,1,0,1,1028,0.0,0.0,0.0
629,0,2,0,1,1,2,1105,0.0,0.5,1.0
630,0,0,1,0,1,1,1289,0.0,1.0,0.0
631,1,0,1,1,1,2,1041,0.5,0.5,0.0
632,0,0,1,0,1,1,1320,0.0,1.0,0.0
633,0,2,0,0,2,2,1155,0.0,1.0,1.0
634,1,0,1,0,2,2,1038,0.5,1.0,0.0
635,0,1,0,0,1,1,1282,0.0,1.0,1.0
636,0,0,2,1,1,2,1005,0.0,0.5,0.0
637,0,1,0,1,0,1,1170,0.0,0.0,1.0
639,0,0,1,0,1,1,1091,0.0,1.0,0.0
640,1,1,0,1,1,2,1116,0.5,0.5,0.5
641,1,0,1,1,1,2,1295,0.5,0.5,0.0
642,1,0,0,0,1,1,1067,1.0,1.0,0.0
644,0,1,0,1,0,1,1195,0.0,0.0,1.0
645,0,2,0,1,1,2,1067,0.0,0.5,1.0
647,1,1,0,1,1,2,1183,0.5,0.5,0.5
648,0,1,0,1,0,1,1290,0.0,0.0,1.0
649,0,0,1,0,1,1,1098,0.0,1.0,0.0
650,1,0,0,1,0,1,1100,1.0,0.0,0.0
652,1,1,0,0,2,2,1192,0.5,1.0,0.5
653,0,1,0,1,0,1,1020,0.0,0.0,1.0
654,0,0,1,1,0,1,1285,0.0,0.0,0.0
655,1,0,1,0,2,2,1008,0.5,1.0,0.0
657,0,1,0,1,0,1,1114,0.0,0.0,1.0
658,0,1,0,0,1,1,1320,0.0,1.0,1.0
659,1,1,0,1,1,2,1130,0.5,0.5,0.5
660,1,1,0,1,1,2,1121,0.5,0.5,0.5
663,1,0,0,0,1,1,1304,1.0,1.0,0.0
664,1,0,0,0,1,1,1056,1.0,1.0,0.0
665,1,0,0,0,1,1,994,1.0,1.0,0.0
667,0,0,1,1,0,1,1291,0.0,0.0,0.0
668,0,1,0,0,1,1,1009,0.0,1.0,1.0
669,1,0,1,1,1,2,1004,0.5,0.5,0.0
671,1,0,0,1,0,1,1063,1.0,0.0,0.0
672,0,2,0,2,0,2,1182,0.0,0.0,1.0
673,1,1,0,2,0,2,1268,0.5,0.0,0.5
674,1,1,0,1,1,2,1279,0.5,0.5,0.5
675,0,0,2,2,0,2,1156,0.0,0.0,0.0
677,2,0,0,1,1,2,1134,1.0,0.5,0.0
678,1,0,0,1,0,1,1076,1.0,0.0,0.0
679,0,0,2,1,1,2,1157,0.0,0.5,0.0
682,0,1,0,1,0,1,1130,0.0,0.0,1.0
683,0,0,2,1,1,2,1193,0.0,0.5,0.0
684,0,0,1,1,0,1,1337,0.0,0.0,0.0
687,0,1,0,1,0,1,1342,0.0,0.0,1.0
688,0,2,0,1,1,2,1021,0.0,0.5,1.0
693,1,0,0,1,0,1,1170,1.0,0.0,0.0
695,0,2,0,1,1,2,1249,0.0,0.5,1.0
696,1,0,0,0,1,1,1066,1.0,1.0,0.0
700,0,2,0,1,1,2,1296,0.0,0.5,1.0
703,1,1,0,2,0,2,1158,0.5,0.0,0.5
705,0,2,0,0,2,2,1071,0.0,1.0,1.0
706,0,0,1,0,1,1,1215,0.0,1.0,0.0
707,0,1,0,0,1,1,1325,0.0,1.0,1.0
708,0,0,1,0,1,1,1261,0.0,1.0,0.0
711,1,0,0,0,1,1,1073,1.0,1.0,0.0
712,0,2,0,2,0,2,1181,0.0,0.0,1.0
713,0,1,0,1,0,1,1304,0.0,0.0,1.0
715,0,1,0,0,1,1,1058,0.0,1.0,1.0
716,0,2,0,1,1,2,1231,0.0,0.5,1.0
717,0,1,1,0,2,2,1039,0.0,1.0,0.5
718,0,0,1,0,1,1,1129,0.0,1.0,0.0
720,0,1,1,1,1,2,1183,0.0,0.5,0.5
722,0,1,0,0,1,1,1173,0.0,1.0,1.0
723,0,1,1,2,0,2,1017,0.0,0.0,0.5
724,0,0,1,0,1,1,1333,0.0,1.0,0.0
726,1,0,0,1,0,1,1055,1.0,0.0,0.0
728,1,0,0,0,1,1,1076,1.0,1.0,0.0
729,0,0,1,1,0,1,1154,0.0,0.0,0.0
730,0,1,0,1,0,1,1301,0.0,0.0,1.0
732,0,0,1,0,1,1,1340,0.0,1.0,0.0
733,0,0,2,0,2,2,1277,0.0,1.0,0.0
734,1,0,1,1,1,2,1013,0.5,0.5,0.0
735,0,2,0,1,1,2,1132,0.0,0.5,1.0
736,1,0,0,0,1,1,1141,1.0,1.0,0.0
737,0,1,1,1,1,2,1110,0.0,0.5,0.5
738,2,0,0,0,2,2,1049,1.0,1.0,0.0
740,1,0,0,1,0,1,1174,1.0,0.0,0.0
741,1,0,0,1,0,1,1196,1.0,0.0,0.0
743,1,1,0,2,0,2,1291,0.5,0.0,0.5
746,0,0,1,1,0,1,1084,0.0,0.0,0.0
747,1,1,0,0,2,2,1290,0.5,1.0,0.5
749,1,0,1,1,1,2,1112,0.5,0.5,0.0
750,0,2,0,1,1,2,1148,0.0,0.5,1.0
751,1,0,0,1,0,1,996,1.0,0.0,0.0
752,0,2,0,2,0,2,995,0.0,0.0,1.0
753,1,0,1,1,1,2,1051,0.5,0.5,0.0
757,0,1,0,1,0,1,1028,0.0,0.0,1.0
758,0,1,1,0,2,2,1010,0.0,1.0,0.5
759,1,0,0,1,0,1,1219,1.0,0.0,0.0
760,0,1,1,1,1,2,1190,0.0,0.5,0.5
761,0,1,0,1,0,1,1224,0.0,0.0,1.0
762,1,0,0,0,1,1,1290,1.0,1.0,0.0
763,1,1,0,2,0,2,1010,0.5,0.0,0.5
765,0,0,1,1,0,1,1054,0.0,0.0,0.0
766,1,1,0,2,0,2,1093,0.5,0.0,0.5
769,1,0,1,1,1,2,1273,0.5,0.5,0.0
770,0,1,1,0,2,2,1068,0.0,1.0,0.5
771,1,0,1,1,1,2,1216,0.5,0.5,0.0
772,0,1,1,0,2,2,1005,0.0,1.0,0.5
775,0,1,0,1,0,1,1015,0.0,0.0,1.0
776,1,1,0,1,1,2,1116,0.5,0.5,0.5
778,1,0,1,1,1,2,1010,0.5,0.5,0.0
779,0,0,1,1,0,1,1268,0.0,0.0,0.0
780,1,0,0,0,1,1,1104,1.0,1.0,0.0
781,0,0,1,1,0,1,1270,0.0,0.0,0.0
782,0,1,0,0,1,1,1163,0.0,1.0,1.0
784,0,2,0,1,1,2,1240,0.0,0.5,1.0
785,0,1,0,1,0,1,1275,0.0,0.0,1.0
786,0,2,0,1,1,2,1142,0.0,0.5,1.0
787,2,0,0,1,1,2,1058,1.0,0.5,0.0
789,1,1,0,2,0,2,1156,0.5,0.0,0.5
790,0,1,0,1,0,1,1135,0.0,0.0,1.0
791,0,1,1,2,0,2,1042,0.0,0.0,0.5
792,0,1,1,1,1,2,1004,0.0,0.5,0.5
793,0,0,1,1,0,1,1124,0.0,0.0,0.0
794,2,0,0,2,0,2,1218,1.0,0.0,0.0
795,0,1,0,1,0,1,1044,0.0,0.0,1.0
797,0,0,1,1,0,1,1345,0.0,0.0,0.0
798,0,2,0,2,0,2,1267,0.0,0.0,1.0
799,0,1,0,0,1,1,1328,0.0,1.0,1.0
800,1,0,1,1,1,2,1083,0.5,0.5,0.0
802,0,0,2,1,1,2,1070,0.0,0.5,0.0
803,0,1,0,0,1,1,1032,0.0,1.0,1.0
804,0,0,1,1,0,1,1069,0.0,0.0,0.0
805,1,0,0,1,0,1,1198,1.0,0.0,0.0
806,1,0,0,1,0,1,1179,1.0,0.0,0.0
808,0,2,0,1,1,2,1063,0.0,0.5,1.0
810,1,0,0,1,0,1,1110,1.0,0.0,0.0
811,1,0,0,1,0,1,1186,1.0,0.0,0.0
812,1,1,0,2,0,2,1164,0.5,0.0,0.5
814,0,1,1,2,0,2,1111,0.0,0.0,0.5
818,1,0,0,1,0,1,1039,1.0,0.0,0.0
819,0,1,0,0,1,1,1120,0.0,1.0,1.0
821,1,0,0,1,0,1,1208,1.0,0.0,0.0
822,1,0,1,0,2,2,1201,0.5,1.0,0.0
823,0,0,1,1,0,1,1051,0.0,0.0,0.0
826,1,0,0,0,1,1,1214,1.0,1.0,0.0
828,0,1,0,0,1,1,1150,0.0,1.0,1.0
831,0,0,1,0,1,1,1179,0.0,1.0,0.0
833,0,0,1,0,1,1,1245,0.0,1.0,0.0
834,0,0,1,0,1,1,1247,0.0,1.0,0.0
835,1,0,0,1,0,1,1033,1.0,0.0,0.0
836,1,1,0,2,0,2,1095,0.5,0.0,0.5
838,1,1,0,1,1,2,1064,0.5,0.5,0.5
840,1,0,0,1,0,1,1334,1.0,0.0,0.0
841,0,1,0,0,1,1,1257,0.0,1.0,1.0
842,1,0,0,1,0,1,1141,1.0,0.0,0.0
843,1,0,0,1,0,1,998,1.0,0.0,0.0
847,1,0,1,2,0,2,1160,0.5,0.0,0.0
848,0,1,1,1,1,2,1111,0.0,0.5,0.5
849,1,0,1,1,1,2,1069,0.5,0.5,0.0
851,0,0,1,1,0,1,1045,0.0,0.0,0.0
852,1,0,0,0,1,1,1162,1.0,1.0,0.0
853,1,0,0,0,1,1,1208,1.0,1.0,0.0
854,0,0,2,1,1,2,1025,0.0,0.5,0.0
855,0,2,0,1,1,2,1011,0.0,0.5,1.0
857,0,1,0,1,0,1,1205,0.0,0.0,1.0
858,1,0,1,2,0,2,1139,0.5,0.0,0.0
860,0,2,0,1,1,2,1263,0.0,0.5,1.0
861,0,0,1,1,0,1,1224,0.0,0.0,0.0
863,0,0,2,1,1,2,1178,0.0,0.5,0.0
865,0,0,1,0,1,1,1064,0.0,1.0,0.0
869,1,1,0,1,1,2,1136,0.5,0.5,0.5
870,0,0,1,0,1,1,1025,0.0,1.0,0.0
871,1,0,1,1,1,2,1161,0.5,0.5,0.0
874,0,1,1,2,0,2,1083,0.0,0.0,0.5
876,0,0,1,1,0,1,1077,0.0,0.0,0.0
879,0,1,0,1,0,1,1100,0.0,0.0,1.0
880,0,2,0,2,0,2,1171,0.0,0.0,1.0
881,1,0,1,1,1,2,1085,0.5,0.5,0.0
883,1,0,1,0,2,2,1235,0.5,1.0,0.0
884,0,1,0,0,1,1,1175,0.0,1.0,1.0
885,0,2,0,1,1,2,1081,0.0,0.5,1.0
886,1,0,0,1,0,1,1260,1.0,0.0,0.0
887,1,1,0,1,1,2,1234,0.5,0.5,0.5
888,0,0,1,0,1,1,1328,0.0,1.0,0.0
890,0,1,1,2,0,2,1002,0.0,0.0,0.5
891,0,1,1,0,2,2,1016,0.0,1.0,0.5
892,0,1,0,0,1,1,1244,0.0,1.0,1.0
893,1,0,1,1,1,2,1076,0.5,0.5,0.0
894,0,2,0,1,1,2,1182,0.0,0.5,1.0
896,0,1,0,1,0,1,1073,0.0,0.0,1.0
897,1,0,1,0,2,2,1007,0.5,1.0,0.0
898,0,1,0,0,1,1,1121,0.0,1.0,1.0
899,0,1,0,0,1,1,1172,0.0,1.0,1.0
900,0,0,1,1,0,1,1087,0.0,0.0,0.0
902,0,2,0,1,1,2,1100,0.0,0.5,1.0
903,1,0,0,1,0,1,1144,1.0,0.0,0.0
904,1,0,0,1,0,1,1205,1.0,0.0,0.0
905,0,0,1,0,1,1,1190,0.0,1.0,0.0
908,1,0,1,1,1,2,1187,0.5,0.5,0.0
912,1,0,0,0,1,1,1043,1.0,1.0,0.0
913,0,1,1,2,0,2,1065,0.0,0.0,0.5
914,1,1,0,1,1,2,1168,0.5,0.5,0.5
917,0,1,0,1,0,1,1190,0.0,0.0,1.0
920,0,1,0,0,1,1,1321,0.0,1.0,1.0
921,0,0,1,0,1,1,1157,0.0,1.0,0.0
922,1,0,0,0,1,1,1175,1.0,1.0,0.0
923,0,1,1,0,2,2,1014,0.0,1.0,0.5
924,0,0,1,0,1,1,1083,0.0,1.0,0.0
928,0,1,1,1,1,2,1019,0.0,0.5,0.5
931,0,0,1,0,1,1,1162,0.0,1.0,0.0
932,0,0,1,1,0,1,1203,0.0,0.0,0.0
933,1,1,0,1,1,2,1236,0.5,0.5,0.5
934,0,1,0,1,0,1,1303,0.0,0.0,1.0
935,0,2,0,2,0,2,1258,0.0,0.0,1.0
937,1,1,0,1,1,2,1081,0.5,0.5,0.5
938,0,0,1,0,1,1,1037,0.0,1.0,0.0
940,2,0,0,1,1,2,1106,1.0,0.5,0.0
943,0,0,1,1,0,1,1072,0.0,0.0,0.0
944,2,0,0,1,1,2,1089,1.0,0.5,0.0
947,0,1,0,0,1,1,1329,0.0,1.0,1.0
951,1,1,0,1,1,2,1186,0.5,0.5,0.5
952,0,0,1,0,1,1,1081,0.0,1.0,0.0
953,1,1,0,1,1,2,1064,0.5,0.5,0.5
955,1,0,1,1,1,2,1001,0.5,0.5,0.0
958,1,0,0,0,1,1,1260,1.0,1.0,0.0
960,0,2,0,0,2,2,1189,0.0,1.0,1.0
961,0,1,1,1,1,2,1014,0.0,0.5,0.5
962,0,2,0,0,2,2,1194,0.0,1.0,1.0
963,0,0,2,2,0,2,1035,0.0,0.0,0.0
964,0,1,1,1,1,2,1053,0.0,0.5,0.5
965,1,0,0,0,1,1,1221,1.0,1.0,0.0
968,0,0,1,1,0,1,1020,0.0,0.0,0.0
969,1,0,0,0,1,1,1042,1.0,1.0,0.0
970,1,1,0,0,2,2,1179,0.5,1.0,0.5
977,1,0,1,2,0,2,1263,0.5,0.0,0.0
978,1,0,0,0,1,1,1075,1.0,1.0,0.0
979,0,1,0,1,0,1,1153,0.0,0.0,1.0
980,1,0,0,0,1,1,1108,1.0,1.0,0.0
982,0,0,1,1,0,1,1089,0.0,0.0,0.0
983,2,0,0,1,1,2,1040,1.0,0.5,0.0
984,1,0,0,1,0,1,1279,1.0,0.0,0.0
985,0,2,0,1,1,2,1227,0.0,0.5,1.0
986,1,0,1,2,0,2,1211,0.5,0.0,0.0
988,1,0,1,0,2,2,1256,0.5,1.0,0.0
989,2,0,0,0,2,2,1078,1.0,1.0,0.0
990,1,1,0,1,1,2,1060,0.5,0.5,0.5
992,0,1,0,0,1,1,1086,0.0,1.0,1.0
994,2,0,0,0,2,2,1175,1.0,1.0,0.0
995,0,0,1,1,0,1,1236,0.0,0.0,0.0
