customer_id,login_frequency,days_since_last_login
1,34,699
2,5,654
3,3,674
4,2,756
5,41,693
6,2,733
7,32,986
8,17,881
9,24,815
10,29,980
11,30,971
12,43,628
13,10,807
14,26,983
15,44,827
16,41,919
17,8,747
18,37,665
19,39,926
20,16,766
21,18,826
22,42,867
23,19,805
24,12,716
25,27,947
26,45,721
27,22,719
28,42,694
29,34,748
30,38,800
31,23,764
32,48,987
33,24,854
34,44,900
35,19,850
36,6,951
37,3,753
38,47,662
39,26,973
40,20,706
41,38,808
42,10,795
43,25,848
44,35,676
45,49,748
46,24,781
47,21,884
48,34,830
49,18,943
50,19,797
51,3,689
52,6,946
53,20,718
54,22,973
55,33,763
56,14,761
57,44,792
58,9,886
59,45,648
60,25,932
61,47,632
62,16,754
63,7,847
64,11,839
65,27,725
66,40,764
67,17,789
68,5,787
69,29,676
70,10,919
71,47,764
72,25,878
73,24,693
74,44,943
75,12,825
76,5,864
77,29,705
78,35,713
79,23,883
80,32,833
81,40,656
82,19,865
83,25,628
84,45,659
85,37,773
86,1,702
87,43,667
88,13,954
89,12,744
90,47,843
91,43,959
92,37,811
93,42,704
94,41,815
95,12,822
96,36,935
97,38,639
98,9,850
99,14,952
100,45,840
101,35,978
102,32,979
103,46,876
104,3,911
105,30,635
106,49,792
107,7,966
108,1,910
109,20,875
110,25,710
111,33,825
112,35,704
113,44,891
114,24,779
115,14,729
116,39,761
117,44,634
118,34,719
119,18,905
120,2,939
121,38,741
122,17,828
123,23,919
124,33,943
125,28,821
126,15,859
127,11,975
128,23,805
129,13,913
130,47,937
131,11,726
132,36,827
133,38,890
134,27,988
135,18,823
136,40,682
137,38,823
138,34,914
139,22,839
140,18,699
141,41,814
142,18,876
143,13,634
144,39,944
145,16,709
146,8,647
147,34,748
148,29,925
149,6,945
150,38,813
151,36,840
152,48,720
153,42,967
154,26,884
155,18,895
156,11,812
157,27,829
158,30,717
159,18,862
160,43,871
161,4,788
162,6,831
163,22,980
164,2,664
165,47,933
166,48,778
167,40,931
168,32,752
169,39,824
170,21,708
171,8,869
172,25,647
173,41,698
174,36,925
175,4,662
176,15,727
177,28,929
178,20,867
179,38,744
180,6,963
181,30,881
182,32,830
183,49,882
184,41,889
185,4,697
186,35,702
187,30,984
188,49,905
189,41,821
190,22,902
191,2,947
192,12,805
193,34,862
194,34,697
195,14,927
196,39,971
197,39,918
198,45,821
199,6,985
200,8,952
201,27,767
202,12,927
203,21,887
204,38,865
205,4,966
206,25,662
207,43,906
208,24,839
209,12,708
210,29,788
211,35,931
212,37,828
213,30,939
214,41,687
215,42,682
216,35,744
217,1,767
218,40,830
219,26,794
220,35,677
221,42,826
222,7,839
223,4,790
224,5,857
225,39,797
226,11,924
227,15,681
228,32,704
229,37,636
230,9,746
231,47,942
232,32,742
233,33,732
234,23,823
235,15,631
236,30,725
237,16,980
238,22,730
239,43,711
240,30,785
241,1,640
242,35,946
243,18,650
244,15,821
245,21,855
246,40,910
247,2,635
248,30,755
249,40,956
250,32,984
251,28,910
252,11,770
253,7,656
254,1,756
255,43,825
256,28,755
257,39,962
258,19,825
259,39,918
260,32,757
261,49,844
262,30,958
263,2,631
264,44,926
265,43,897
266,37,986
267,19,665
268,26,640
269,1,826
270,42,891
271,28,692
272,26,796
273,40,751
274,35,969
275,3,827
276,26,840
277,33,806
278,22,940
279,6,891
280,42,670
281,34,644
282,3,790
283,17,730
284,6,858
285,42,750
286,5,900
287,20,832
288,1,913
289,24,675
290,9,735
291,15,724
292,37,653
293,18,967
294,22,915
295,11,925
296,38,658
297,3,714
298,29,758
299,46,685
300,32,705
301,34,718
302,8,944
303,34,853
304,5,875
305,9,797
306,17,870
307,20,685
308,42,697
309,27,887
310,5,807
311,46,805
312,29,819
313,11,823
314,26,913
315,23,711
316,18,965
317,20,840
318,44,739
319,21,922
320,26,951
321,32,690
322,1,669
323,2,924
324,4,939
325,41,720
326,10,908
327,28,754
328,49,886
329,37,768
330,17,732
331,30,991
332,6,653
333,11,646
334,11,975
335,2,632
336,20,968
337,34,755
338,41,655
339,1,880
340,48,729
341,27,807
342,26,718
343,26,786
344,8,815
345,29,742
346,17,986
347,33,792
348,1,659
349,24,761
350,25,880
351,1,789
352,26,748
353,16,915
354,49,799
355,33,987
356,28,797
357,45,740
358,24,976
359,36,870
360,14,908
361,49,884
362,5,767
363,27,992
364,14,753
365,24,691
366,46,977
367,28,734
368,8,976
369,35,955
370,47,820
371,35,827
372,23,694
373,13,863
374,47,634
375,17,750
376,31,934
377,10,862
378,36,759
379,29,788
380,16,832
381,33,794
382,14,933
383,7,760
384,33,633
385,3,757
386,26,697
387,39,690
388,5,760
389,23,899
390,33,944
391,30,791
392,33,747
393,43,655
394,25,801
395,22,790
396,1,866
397,10,863
398,23,711
399,33,840
400,39,915
401,28,759
402,43,770
403,8,751
404,27,692
405,5,937
406,15,630
407,48,756
408,22,706
409,35,973
410,30,772
411,48,730
412,44,628
413,33,918
414,30,746
415,36,824
416,16,880
417,38,680
418,23,730
419,37,955
420,37,987
421,28,643
422,14,716
423,4,899
424,39,726
425,33,686
426,31,740
427,13,767
428,36,771
429,10,982
430,47,810
431,31,847
432,26,643
433,14,656
434,4,680
435,33,916
436,47,732
437,13,730
438,48,883
439,41,942
440,34,943
441,43,692
442,35,822
443,28,834
444,31,653
445,30,846
446,32,707
447,13,658
448,41,742
449,34,862
450,8,742
451,42,799
452,25,702
453,33,883
454,10,799
455,40,636
456,34,667
457,44,828
458,33,983
459,5,921
460,45,938
461,27,797
462,8,894
463,7,886
464,22,648
465,46,675
466,28,817
467,9,642
468,31,636
469,4,696
470,5,833
471,13,983
472,6,629
473,23,976
474,47,919
475,35,865
476,34,963
477,38,669
478,34,796
479,11,747
480,6,833
481,32,793
482,35,968
483,34,911
484,43,890
485,28,735
486,5,763
487,34,709
488,33,828
489,12,666
490,40,934
491,44,659
492,38,987
493,44,752
494,12,712
495,37,986
496,1,630
497,40,751
498,5,814
499,2,659
500,46,667
501,25,888
502,38,730
503,25,652
504,48,685
505,22,819
506,1,771
507,25,705
508,33,699
509,22,773
510,31,808
511,19,950
512,48,779
513,18,824
514,1,789
515,19,987
516,14,631
517,11,982
518,8,725
519,18,833
520,9,796
521,43,953
522,28,735
523,11,759
524,49,690
525,41,652
526,30,948
527,44,631
528,27,857
529,26,855
530,49,653
531,12,680
532,38,698
533,27,691
534,37,765
535,17,816
536,46,679
537,9,846
538,6,829
539,13,728
540,6,976
541,38,728
542,4,805
543,16,756
544,36,941
545,43,712
546,14,952
547,29,971
548,24,660
549,39,748
550,39,629
551,45,990
552,25,957
553,46,665
554,46,725
555,3,680
556,42,953
557,27,657
558,12,696
559,43,766
560,2,639
561,38,698
562,26,860
563,29,830
564,45,836
565,30,881
566,38,827
567,41,662
568,32,765
569,38,667
570,21,777
571,8,878
572,6,967
573,4,970
574,17,902
575,21,802
576,4,638
577,35,878
578,30,880
579,27,850
580,12,658
581,48,909
582,20,702
583,40,947
584,44,682
585,41,895
586,33,675
587,10,902
588,5,668
589,11,883
590,21,706
591,20,880
592,44,959
593,9,989
594,30,833
595,48,880
596,4,835
597,9,703
598,40,803
599,3,643
600,38,667
601,25,739
602,37,860
603,30,826
604,31,867
605,17,980
606,10,717
607,8,977
608,2,979
609,32,638
610,11,652
611,10,709
612,41,642
613,32,755
614,24,909
615,7,770
616,29,767
617,2,971
618,16,669
619,31,876
620,12,937
621,32,766
622,47,719
623,41,891
624,18,670
625,3,778
626,16,935
627,49,673
628,42,977
629,18,986
630,44,764
631,15,789
632,41,661
633,37,685
634,23,882
635,26,649
636,7,723
637,48,877
638,21,873
639,29,904
640,45,665
641,7,827
642,6,766
643,27,733
644,43,739
645,46,814
646,17,939
647,24,923
648,28,770
649,26,811
650,38,751
651,26,856
652,40,855
653,1,904
654,19,943
655,26,962
656,35,802
657,16,652
658,13,817
659,10,725
660,8,768
661,27,708
662,26,749
663,3,891
664,45,757
665,36,827
666,41,698
667,8,701
668,32,839
669,19,683
670,12,901
671,45,934
672,45,902
673,13,810
674,44,970
675,48,835
676,45,673
677,7,807
678,47,881
679,47,750
680,16,635
681,32,820
682,9,736
683,26,762
684,48,788
685,40,785
686,47,783
687,20,665
688,6,715
689,11,969
690,29,637
691,7,982
692,29,818
693,43,719
694,4,981
695,24,953
696,3,952
697,12,801
698,35,809
699,8,948
700,38,641
701,41,975
702,38,628
703,15,734
704,5,686
705,40,857
706,16,907
707,46,991
708,28,721
709,13,791
710,41,874
711,11,936
712,37,659
713,3,922
714,8,742
715,38,840
716,47,982
717,34,870
718,38,800
719,42,643
720,24,963
721,18,875
722,25,900
723,13,840
724,39,696
725,22,706
726,30,752
727,30,768
728,37,868
729,45,953
730,43,639
731,15,639
732,35,643
733,6,978
734,11,746
735,28,715
736,30,931
737,16,860
738,28,848
739,25,713
740,48,846
741,30,820
742,45,904
743,14,784
744,27,833
745,48,832
746,30,641
747,10,657
748,20,956
749,44,936
750,7,760
751,34,757
752,27,652
753,23,816
754,46,685
755,45,943
756,25,772
757,28,744
758,18,774
759,13,922
760,13,963
761,45,986
762,34,683
763,14,875
764,28,947
765,13,652
766,34,803
767,5,771
768,40,759
769,10,847
770,36,963
771,6,890
772,21,873
773,35,805
774,16,665
775,20,780
776,31,775
777,5,728
778,6,788
779,2,795
780,39,701
781,22,965
782,11,743
783,15,771
784,13,772
785,33,712
786,46,740
787,14,863
788,39,761
789,2,730
790,10,875
791,42,638
792,30,775
793,32,706
794,9,850
795,48,628
796,16,953
797,39,630
798,5,846
799,46,990
800,15,845
801,4,745
802,24,743
803,25,675
804,37,640
805,24,976
806,42,761
807,13,934
808,20,763
809,5,952
810,20,945
811,18,895
812,39,925
813,49,651
814,3,851
815,44,760
816,31,700
817,30,642
818,41,911
819,24,867
820,5,742
821,20,823
822,24,964
823,17,628
824,8,958
825,21,678
826,14,794
827,38,711
828,32,708
829,36,829
830,40,795
831,4,747
832,21,759
833,25,736
834,45,668
835,1,791
836,47,836
837,13,755
838,16,990
839,29,814
840,39,818
841,29,777
842,12,905
843,31,955
844,20,689
845,35,944
846,41,731
847,28,667
848,35,990
849,29,973
850,44,761
851,39,964
852,29,727
853,34,658
854,10,800
855,37,725
856,48,855
857,7,802
858,9,773
859,16,788
860,21,846
861,14,857
862,2,927
863,26,706
864,34,914
865,47,832
866,49,633
867,18,639
868,12,790
869,19,644
870,36,975
871,38,734
872,16,873
873,46,700
874,8,630
875,9,657
876,4,730
877,36,842
878,47,776
879,38,801
880,49,679
881,49,902
882,45,740
883,4,705
884,8,715
885,43,984
886,7,760
887,3,923
888,1,746
889,4,967
890,1,933
891,46,919
892,42,977
893,38,706
894,37,760
895,12,724
896,42,667
897,10,760
898,47,984
899,1,643
900,2,911
901,12,979
902,39,733
903,48,820
904,36,665
905,7,662
906,38,900
907,25,835
908,3,653
909,27,960
910,24,765
911,27,935
912,6,782
913,25,733
914,43,781
915,31,820
916,44,750
917,9,863
918,39,709
919,29,645
920,14,712
921,36,684
922,29,771
923,43,952
924,41,909
925,38,973
926,22,870
927,12,836
928,40,852
929,49,946
930,26,771
931,46,924
932,28,837
933,21,874
934,27,675
935,33,692
936,29,784
937,24,904
938,32,823
939,6,667
940,27,899
941,16,728
942,36,829
943,47,915
944,30,838
945,15,792
946,8,676
947,31,867
948,9,950
949,42,830
950,21,881
951,39,681
952,39,914
953,43,699
954,20,792
955,26,651
956,38,700
957,43,841
958,14,852
959,48,672
960,41,952
961,21,872
962,19,899
963,14,733
964,9,921
965,42,801
966,4,857
967,23,875
968,22,976
969,20,878
970,19,912
971,19,703
972,23,694
973,31,702
974,46,738
975,19,736
976,44,945
977,20,954
978,26,736
979,6,855
980,28,869
981,41,727
982,4,822
983,49,864
984,44,872
985,9,930
986,49,681
987,14,834
988,31,948
989,29,786
990,49,835
991,22,733
992,9,908
993,11,632
994,25,789
995,34,781
996,38,964
997,5,902
998,47,802
999,23,985
1000,22,768
