customer_id,total_amount_spent,number_of_transactions,days_since_last_purchase,average_spent,account_age,spending_frequnecy
1,416.5,1,1272,416.5,0,0.0
2,1547.4199999999998,7,1035,221.05999999999997,314,0.022292993630573247
3,1702.98,6,1077,283.83,239,0.02510460251046025
4,917.29,5,997,183.458,219,0.0228310502283105
5,2001.49,8,1003,250.18625,303,0.026402640264026403
6,1164.29,5,1056,232.858,118,0.0423728813559322
7,86.73,1,1061,86.73,0,0.0
8,2046.88,7,1045,292.4114285714286,244,0.028688524590163935
9,1317.24,5,1066,263.448,279,0.017921146953405017
10,1397.36,7,1054,199.62285714285713,285,0.02456140350877193
11,1733.83,5,1010,346.76599999999996,288,0.017361111111111112
12,87.1,1,1052,87.1,0,0.0
13,392.02,3,1088,130.67333333333332,66,0.045454545454545456
14,2843.59,9,1046,315.95444444444445,295,0.030508474576271188
15,1914.02,8,1008,239.2525,330,0.024242424242424242
16,2019.79,9,1010,224.42111111111112,144,0.0625
17,1625.27,7,1030,232.18142857142857,174,0.040229885057471264
18,951.3800000000001,5,1116,190.276,228,0.021929824561403508
19,1017.26,5,1002,203.452,227,0.022026431718061675
20,2775.85,9,1007,308.42777777777775,318,0.02830188679245283
21,913.02,5,1144,182.60399999999998,167,0.029940119760479042
22,1582.73,6,1066,263.78833333333336,260,0.023076923076923078
23,1490.74,4,1047,372.685,292,0.0136986301369863
24,1143.22,5,1012,228.644,304,0.01644736842105263
25,764.77,3,1078,254.92333333333332,30,0.1
26,571.76,3,996,190.58666666666667,150,0.02
27,2210.6,8,1044,276.325,310,0.025806451612903226
28,1702.26,6,1006,283.71,346,0.017341040462427744
29,853.0699999999999,3,1091,284.3566666666666,215,0.013953488372093023
30,706.66,2,1098,353.33,127,0.015748031496062992
31,1108.56,5,1015,221.712,330,0.015151515151515152
32,1225.52,5,1081,245.10399999999998,217,0.02304147465437788
33,689.0,2,1047,344.5,92,0.021739130434782608
34,1886.4,9,1002,209.60000000000002,348,0.02586206896551724
35,779.8399999999999,3,1107,259.94666666666666,158,0.0189873417721519
36,1321.5500000000002,6,1058,220.25833333333335,239,0.02510460251046025
37,3166.88,9,1017,351.8755555555556,335,0.026865671641791045
38,874.86,3,1019,291.62,285,0.010526315789473684
39,1191.94,5,1013,238.388,249,0.020080321285140562
40,1578.3500000000001,7,1144,225.47857142857146,203,0.034482758620689655
41,363.22,2,1312,181.61,9,0.2222222222222222
42,530.61,3,1064,176.87,190,0.015789473684210527
43,2213.63,7,1052,316.23285714285714,247,0.02834008097165992
44,687.8199999999999,3,1031,229.2733333333333,290,0.010344827586206896
45,300.42,1,1001,300.42,0,0.0
46,134.67,1,1126,134.67,0,0.0
47,1466.37,7,1035,209.48142857142855,234,0.029914529914529916
48,1597.29,7,1015,228.18428571428572,202,0.034653465346534656
49,641.48,3,1200,213.82666666666668,98,0.030612244897959183
50,1514.62,4,1015,378.655,334,0.011976047904191617
51,549.86,3,1157,183.28666666666666,118,0.025423728813559324
52,401.25,1,1310,401.25,0,0.0
53,1255.34,7,996,179.3342857142857,290,0.02413793103448276
54,461.21000000000004,2,1173,230.60500000000002,21,0.09523809523809523
55,1129.35,5,1109,225.86999999999998,241,0.02074688796680498
56,1443.46,5,1009,288.692,212,0.02358490566037736
57,597.75,3,1026,199.25,280,0.010714285714285714
58,2215.82,6,1036,369.30333333333334,272,0.022058823529411766
59,292.51,3,1023,97.50333333333333,129,0.023255813953488372
60,781.09,4,1004,195.2725,321,0.012461059190031152
61,678.97,3,1074,226.32333333333335,262,0.011450381679389313
62,840.0,4,1028,210.0,326,0.012269938650306749
63,2205.11,9,1011,245.01222222222225,283,0.03180212014134275
64,965.21,3,1006,321.7366666666667,230,0.013043478260869565
65,1359.8899999999999,5,1037,271.97799999999995,127,0.03937007874015748
66,1409.11,8,1003,176.13875,337,0.02373887240356083
67,701.76,4,1045,175.44,277,0.01444043321299639
68,886.4799999999999,4,1048,221.61999999999998,178,0.02247191011235955
69,1038.53,4,1020,259.6325,262,0.015267175572519083
70,2453.98,7,1011,350.56857142857143,343,0.02040816326530612
71,474.59000000000003,3,1051,158.1966666666667,298,0.010067114093959731
72,1080.4,6,1032,180.0666666666667,307,0.019543973941368076
73,2254.22,9,1038,250.46888888888887,310,0.02903225806451613
74,2083.79,8,1119,260.47375,154,0.05194805194805195
75,769.97,4,993,192.4925,130,0.03076923076923077
76,883.92,4,1017,220.98,271,0.014760147601476014
77,1797.06,8,1020,224.6325,327,0.024464831804281346
78,816.89,3,1252,272.2966666666667,46,0.06521739130434782
79,931.3199999999999,3,1010,310.44,341,0.008797653958944282
80,110.82,1,1263,110.82,0,0.0
81,2181.77,8,1115,272.72125,219,0.0365296803652968
82,232.38,1,1326,232.38,0,0.0
83,1419.9199999999998,6,1070,236.6533333333333,280,0.02142857142857143
84,1545.91,5,1009,309.182,322,0.015527950310559006
85,1690.08,9,1018,187.78666666666666,265,0.033962264150943396
86,1674.6599999999999,7,1022,239.23714285714283,266,0.02631578947368421
87,1411.84,5,998,282.368,153,0.032679738562091505
88,447.34000000000003,2,1133,223.67000000000002,198,0.010101010101010102
89,1951.99,7,1073,278.85571428571427,220,0.031818181818181815
90,1229.96,6,994,204.99333333333334,356,0.016853932584269662
91,1804.74,9,1057,200.52666666666667,298,0.030201342281879196
92,2265.28,8,1015,283.16,189,0.042328042328042326
93,848.07,5,1014,169.614,191,0.02617801047120419
94,1113.6100000000001,3,995,371.2033333333334,239,0.012552301255230125
95,677.27,3,1047,225.75666666666666,271,0.01107011070110701
96,161.84,1,1122,161.84,0,0.0
97,553.65,2,1104,276.825,138,0.014492753623188406
98,893.76,5,1043,178.752,301,0.016611295681063124
99,889.75,5,1045,177.95,288,0.017361111111111112
100,1108.56,4,997,277.14,313,0.012779552715654952
101,492.35,1,1199,492.35,0,0.0
102,2029.96,6,994,338.32666666666665,316,0.0189873417721519
103,2297.73,9,1004,255.30333333333334,353,0.025495750708215296
104,2666.84,9,1005,296.3155555555556,326,0.027607361963190184
105,1863.6,8,1004,232.95,323,0.02476780185758514
106,875.08,3,1025,291.6933333333333,323,0.009287925696594427
107,1542.76,6,1028,257.12666666666667,276,0.021739130434782608
108,494.30999999999995,2,1067,247.15499999999997,119,0.01680672268907563
109,1274.7,6,1000,212.45000000000002,330,0.01818181818181818
110,723.0,3,1041,241.0,107,0.028037383177570093
111,613.1800000000001,2,1076,306.59000000000003,266,0.007518796992481203
112,750.17,3,995,250.05666666666664,343,0.008746355685131196
113,1834.01,7,1066,262.00142857142856,277,0.02527075812274368
114,2133.28,8,1020,266.66,333,0.024024024024024024
115,653.62,5,1093,130.724,188,0.026595744680851064
116,1504.28,7,1004,214.89714285714285,303,0.0231023102310231
117,448.48,2,997,224.24,255,0.00784313725490196
118,1625.39,6,1006,270.89833333333337,327,0.01834862385321101
119,2012.3300000000002,8,1050,251.54125000000002,276,0.028985507246376812
120,1168.79,6,995,194.79833333333332,234,0.02564102564102564
121,1073.01,5,1032,214.602,277,0.018050541516245487
122,2825.52,9,1008,313.94666666666666,270,0.03333333333333333
123,938.58,3,1008,312.86,179,0.01675977653631285
124,2283.88,7,1027,326.2685714285714,260,0.026923076923076925
125,744.89,2,1116,372.445,97,0.020618556701030927
126,2323.02,9,1042,258.11333333333334,268,0.033582089552238806
127,1976.17,8,993,247.02125,308,0.025974025974025976
128,630.2,2,1232,315.1,41,0.04878048780487805
129,243.55,2,1025,121.775,253,0.007905138339920948
130,552.23,2,1047,276.115,216,0.009259259259259259
131,2726.7,8,1080,340.8375,190,0.042105263157894736
132,1879.94,9,1066,208.88222222222223,279,0.03225806451612903
133,896.27,4,1117,224.0675,237,0.016877637130801686
134,1570.08,6,995,261.68,321,0.018691588785046728
135,441.75,2,1214,220.875,89,0.02247191011235955
136,419.86,2,994,209.93,136,0.014705882352941176
137,431.47,1,1188,431.47,0,0.0
138,2804.65,8,1075,350.58125,267,0.0299625468164794
139,2045.49,7,1155,292.21285714285716,152,0.046052631578947366
140,1024.23,3,1103,341.41,32,0.09375
141,2483.75,7,1020,354.82142857142856,266,0.02631578947368421
142,1391.99,5,1024,278.398,183,0.0273224043715847
143,343.27,2,1291,171.635,12,0.16666666666666666
144,419.85,1,1058,419.85,0,0.0
145,1768.7,5,1006,353.74,264,0.01893939393939394
146,1373.73,5,1000,274.746,184,0.02717391304347826
147,2260.34,8,1027,282.5425,306,0.026143790849673203
148,13.04,1,1021,13.04,0,0.0
149,444.84,1,1240,444.84,0,0.0
150,1193.26,8,1011,149.1575,313,0.025559105431309903
151,334.2,1,1004,334.2,0,0.0
152,1448.8,7,1011,206.97142857142856,320,0.021875
153,1735.16,5,1075,347.03200000000004,218,0.022935779816513763
154,1753.55,7,1132,250.50714285714284,212,0.0330188679245283
155,1883.08,8,1066,235.385,236,0.03389830508474576
156,702.9200000000001,7,1182,100.41714285714286,162,0.043209876543209874
157,2412.6800000000003,7,1045,344.66857142857145,287,0.024390243902439025
158,1471.29,7,1064,210.18428571428572,259,0.02702702702702703
159,25.75,1,1269,25.75,0,0.0
160,2053.13,8,1011,256.64125,325,0.024615384615384615
161,1983.84,6,1114,330.64,155,0.03870967741935484
162,425.88,3,1130,141.96,77,0.03896103896103896
163,1064.88,3,1017,354.96000000000004,296,0.010135135135135136
164,955.49,5,1066,191.098,286,0.017482517482517484
165,181.34,1,1078,181.34,0,0.0
166,1241.5,5,1016,248.3,328,0.01524390243902439
167,2356.35,8,997,294.54375,360,0.022222222222222223
168,1126.93,4,1217,281.7325,114,0.03508771929824561
169,2164.75,9,1009,240.52777777777777,334,0.02694610778443114
170,1448.33,7,1002,206.9042857142857,327,0.021406727828746176
171,2532.71,7,1094,361.8157142857143,257,0.027237354085603113
172,1972.76,6,1028,328.79333333333335,323,0.018575851393188854
173,606.09,3,1075,202.03,140,0.02142857142857143
174,1801.46,7,1016,257.3514285714286,293,0.023890784982935155
175,1218.9,7,1055,174.12857142857143,253,0.02766798418972332
176,936.78,6,1006,156.13,348,0.017241379310344827
177,429.79,1,1103,429.79,0,0.0
178,741.63,3,1009,247.21,156,0.019230769230769232
179,412.58000000000004,2,1305,206.29000000000002,8,0.25
180,1985.93,7,1012,283.70428571428573,261,0.02681992337164751
181,715.6800000000001,2,1013,357.84000000000003,17,0.11764705882352941
182,1491.65,5,1062,298.33000000000004,286,0.017482517482517484
183,1135.44,3,1062,378.48,121,0.024793388429752067
184,97.19,2,1089,48.595,234,0.008547008547008548
185,1284.89,6,1007,214.14833333333334,256,0.0234375
186,460.87,3,1193,153.62333333333333,137,0.021897810218978103
187,513.26,2,1043,256.63,204,0.00980392156862745
188,1768.25,6,1023,294.7083333333333,294,0.02040816326530612
189,574.4699999999999,3,1173,191.48999999999998,39,0.07692307692307693
190,1417.97,7,1052,202.56714285714287,305,0.022950819672131147
191,1942.65,7,1039,277.5214285714286,292,0.023972602739726026
192,1172.53,3,1016,390.8433333333333,233,0.012875536480686695
193,270.34,1,1148,270.34,0,0.0
194,1388.97,5,1103,277.794,230,0.021739130434782608
195,1711.71,6,1168,285.285,151,0.039735099337748346
196,2134.16,8,1002,266.77,355,0.022535211267605635
197,925.4300000000001,4,1016,231.35750000000002,304,0.013157894736842105
198,1461.25,7,1031,208.75,253,0.02766798418972332
199,1270.25,6,1033,211.70833333333334,294,0.02040816326530612
200,1702.06,6,1050,283.6766666666667,289,0.020761245674740483
201,956.5799999999999,3,1283,318.85999999999996,55,0.05454545454545454
202,336.18,1,1193,336.18,0,0.0
203,1767.9,6,1006,294.65000000000003,304,0.019736842105263157
204,454.14,2,1131,227.07,31,0.06451612903225806
205,741.9699999999999,4,1000,185.49249999999998,319,0.012539184952978056
206,99.58,1,1102,99.58,0,0.0
207,1799.17,8,1028,224.89625,297,0.026936026936026935
208,436.89,2,1286,218.445,64,0.03125
209,1328.06,4,1019,332.015,246,0.016260162601626018
210,1727.27,7,1066,246.75285714285715,218,0.03211009174311927
211,1222.21,6,1007,203.70166666666668,327,0.01834862385321101
212,1047.61,7,996,149.6585714285714,231,0.030303030303030304
213,2092.89,7,999,298.9842857142857,357,0.0196078431372549
214,734.1,2,1288,367.05,46,0.043478260869565216
215,1343.7,6,1009,223.95000000000002,249,0.024096385542168676
216,1570.8600000000001,5,1067,314.172,242,0.02066115702479339
217,2576.78,8,1029,322.0975,279,0.02867383512544803
218,1766.57,7,1006,252.36714285714285,350,0.02
219,1624.32,4,1079,406.08,202,0.019801980198019802
220,1030.46,3,1151,343.4866666666667,175,0.017142857142857144
221,1277.29,4,1234,319.3225,111,0.036036036036036036
222,1702.45,7,1012,243.20714285714286,296,0.02364864864864865
223,1736.26,6,1042,289.37666666666667,208,0.028846153846153848
224,2520.32,8,1032,315.04,293,0.027303754266211604
225,2650.29,8,1000,331.28625,293,0.027303754266211604
226,1461.18,7,1008,208.74,278,0.025179856115107913
227,1250.35,7,1004,178.62142857142857,320,0.021875
228,2185.36,6,1171,364.2266666666667,178,0.033707865168539325
229,2559.03,9,1104,284.3366666666667,199,0.04522613065326633
230,1468.07,6,1028,244.6783333333333,311,0.01929260450160772
231,1353.42,4,998,338.355,198,0.020202020202020204
232,2082.19,8,1048,260.27375,288,0.027777777777777776
233,817.4200000000001,3,1040,272.47333333333336,271,0.01107011070110701
234,1576.7,8,1084,197.0875,256,0.03125
235,770.5,3,1087,256.8333333333333,187,0.016042780748663103
236,1482.99,6,1006,247.165,291,0.020618556701030927
237,398.99,1,1326,398.99,0,0.0
238,762.4399999999999,3,1056,254.14666666666665,255,0.011764705882352941
239,2654.84,9,1012,294.9822222222222,322,0.027950310559006212
240,859.47,2,1028,429.735,325,0.006153846153846154
241,2185.9300000000003,9,1089,242.88111111111115,265,0.033962264150943396
242,726.73,3,1039,242.24333333333334,263,0.011406844106463879
243,2362.18,9,1033,262.46444444444444,316,0.028481012658227847
244,1649.9,7,1016,235.70000000000002,255,0.027450980392156862
245,2965.09,9,1043,329.45444444444445,301,0.029900332225913623
246,1171.1399999999999,4,1027,292.78499999999997,156,0.02564102564102564
247,1887.6799999999998,7,1079,269.6685714285714,271,0.025830258302583026
248,1519.1399999999999,5,1033,303.828,162,0.030864197530864196
249,356.39,1,1331,356.39,0,0.0
250,1607.36,7,996,229.62285714285713,355,0.01971830985915493
251,1968.79,7,1019,281.2557142857143,323,0.021671826625386997
252,980.71,4,1149,245.1775,150,0.02666666666666667
253,1319.11,5,1023,263.822,310,0.016129032258064516
254,2220.26,9,1015,246.6955555555556,333,0.02702702702702703
255,2672.69,7,996,381.8128571428571,316,0.022151898734177215
256,208.67,1,1078,208.67,0,0.0
257,92.62,1,1336,92.62,0,0.0
258,832.85,4,1048,208.2125,263,0.015209125475285171
259,1469.67,6,1063,244.94500000000002,286,0.02097902097902098
260,2395.72,8,1054,299.465,240,0.03333333333333333
261,489.07,1,1207,489.07,0,0.0
262,2940.59,9,1019,326.7322222222222,320,0.028125
263,13.04,1,1044,13.04,0,0.0
264,525.02,2,1154,262.51,88,0.022727272727272728
265,1511.8700000000001,5,1118,302.374,190,0.02631578947368421
266,459.39,1,1247,459.39,0,0.0
267,461.36,3,1031,153.78666666666666,234,0.01282051282051282
268,1096.16,5,1041,219.23200000000003,282,0.01773049645390071
269,2123.87,9,1012,235.98555555555555,261,0.034482758620689655
270,734.74,3,1030,244.91333333333333,288,0.010416666666666666
271,865.97,3,999,288.6566666666667,326,0.009202453987730062
272,1170.04,8,1096,146.255,245,0.0326530612244898
273,1562.83,7,1021,223.26142857142855,226,0.030973451327433628
274,1117.33,4,1125,279.3325,225,0.017777777777777778
275,605.79,3,1201,201.92999999999998,155,0.01935483870967742
276,2069.7,7,1085,295.6714285714285,201,0.03482587064676617
277,1217.78,6,1048,202.96333333333334,286,0.02097902097902098
278,1423.1,5,1123,284.62,179,0.027932960893854747
279,1209.94,4,1185,302.485,159,0.025157232704402517
280,836.33,4,1038,209.0825,191,0.020942408376963352
281,1563.95,8,1098,195.49375,226,0.035398230088495575
282,2016.68,5,1020,403.336,230,0.021739130434782608
283,1362.8600000000001,5,1014,272.572,229,0.021834061135371178
284,1683.1299999999999,6,1148,280.52166666666665,177,0.03389830508474576
285,1026.5900000000001,5,1009,205.31800000000004,341,0.01466275659824047
286,512.1899999999999,2,1017,256.09499999999997,274,0.0072992700729927005
287,615.0699999999999,2,1010,307.53499999999997,12,0.16666666666666666
288,2217.85,8,1026,277.23125,279,0.02867383512544803
289,30.48,1,1199,30.48,0,0.0
290,403.33,1,999,403.33,0,0.0
291,1572.74,6,1069,262.12333333333333,154,0.03896103896103896
292,2429.7,8,1004,303.7125,321,0.024922118380062305
293,209.68,1,1239,209.68,0,0.0
294,1882.08,6,1023,313.68,283,0.02120141342756184
295,960.99,3,1110,320.33,162,0.018518518518518517
296,261.24,1,1200,261.24,0,0.0
297,1714.0900000000001,8,1092,214.26125000000002,255,0.03137254901960784
298,1305.25,6,1149,217.54166666666666,159,0.03773584905660377
299,9.8,1,1033,9.8,0,0.0
300,926.5300000000001,4,1141,231.63250000000002,132,0.030303030303030304
301,1298.95,6,1012,216.49166666666667,244,0.02459016393442623
302,925.58,4,1084,231.395,213,0.018779342723004695
303,948.96,3,1230,316.32,124,0.024193548387096774
304,695.73,3,1098,231.91,67,0.04477611940298507
305,288.26,1,1190,288.26,0,0.0
306,2285.6,9,1018,253.95555555555555,336,0.026785714285714284
307,1416.68,4,1005,354.17,258,0.015503875968992248
308,1791.69,7,1006,255.9557142857143,302,0.023178807947019868
309,1400.5,5,1055,280.1,263,0.019011406844106463
310,1058.14,4,1010,264.535,226,0.017699115044247787
311,592.9,5,1090,118.58,215,0.023255813953488372
312,283.16,2,1276,141.58,72,0.027777777777777776
313,34.91,1,1061,34.91,0,0.0
314,536.29,2,1060,268.145,69,0.028985507246376812
315,601.31,2,1044,300.655,225,0.008888888888888889
316,649.71,8,1091,81.21375,265,0.03018867924528302
317,467.83,3,1165,155.94333333333333,182,0.016483516483516484
318,2145.44,8,1003,268.18,351,0.022792022792022793
319,477.46,1,1131,477.46,0,0.0
320,823.75,2,1005,411.875,167,0.011976047904191617
321,2007.24,9,1019,223.02666666666667,314,0.028662420382165606
322,61.98,1,1204,61.98,0,0.0
323,839.3,4,1013,209.825,332,0.012048192771084338
324,1369.7,6,1052,228.28333333333333,272,0.022058823529411766
325,553.79,2,1031,276.895,35,0.05714285714285714
326,605.89,3,1100,201.96333333333334,164,0.018292682926829267
327,403.37,2,995,201.685,251,0.00796812749003984
328,848.26,5,1026,169.652,294,0.017006802721088437
329,2361.19,8,1029,295.14875,294,0.027210884353741496
330,2582.54,9,1036,286.94888888888886,307,0.029315960912052116
331,908.3199999999999,5,1003,181.664,213,0.023474178403755867
332,1577.44,5,1064,315.488,240,0.020833333333333332
333,2439.39,7,1045,348.4842857142857,207,0.033816425120772944
334,1719.37,6,1032,286.56166666666667,259,0.023166023166023165
335,756.52,2,1017,378.26,141,0.014184397163120567
336,135.94,1,1004,135.94,0,0.0
337,608.06,2,999,304.03,104,0.019230769230769232
338,13.86,1,1024,13.86,0,0.0
339,682.9399999999999,4,1027,170.73499999999999,266,0.015037593984962405
340,1147.08,6,1046,191.17999999999998,219,0.0273972602739726
341,1022.86,6,1083,170.47666666666666,189,0.031746031746031744
342,2295.76,7,1030,327.96571428571434,304,0.023026315789473683
343,924.63,3,1184,308.21,152,0.019736842105263157
344,1466.6,6,1049,244.4333333333333,190,0.031578947368421054
345,1980.5,8,1123,247.5625,219,0.0365296803652968
346,1641.62,6,1025,273.6033333333333,263,0.022813688212927757
347,1974.45,9,1003,219.38333333333333,299,0.030100334448160536
348,704.7,2,1213,352.35,85,0.023529411764705882
349,1376.54,6,1096,229.42333333333332,251,0.02390438247011952
350,2702.27,9,999,300.2522222222222,294,0.030612244897959183
351,588.68,2,1127,294.34,78,0.02564102564102564
352,1493.9,5,1053,298.78000000000003,244,0.020491803278688523
353,266.08,1,1284,266.08,0,0.0
354,324.4,3,1236,108.13333333333333,103,0.02912621359223301
355,368.57,1,1273,368.57,0,0.0
356,2316.37,8,1010,289.54625,342,0.023391812865497075
357,780.1800000000001,4,1017,195.04500000000002,254,0.015748031496062992
358,2282.8900000000003,9,1004,253.6544444444445,243,0.037037037037037035
359,2154.17,8,1059,269.27125,254,0.031496062992125984
360,1731.26,8,1025,216.4075,311,0.02572347266881029
361,2348.41,9,999,260.9344444444444,333,0.02702702702702703
362,469.14,2,1050,234.57,238,0.008403361344537815
363,1514.16,9,1057,168.24,295,0.030508474576271188
364,286.8,1,1239,286.8,0,0.0
365,1188.8400000000001,8,1013,148.60500000000002,291,0.027491408934707903
366,2518.16,8,994,314.77,360,0.022222222222222223
367,2197.79,7,995,313.96999999999997,251,0.027888446215139442
368,1939.2,6,1010,323.2,276,0.021739130434782608
369,3352.34,9,1016,372.4822222222222,299,0.030100334448160536
370,1239.81,6,1002,206.635,328,0.018292682926829267
371,1454.45,5,996,290.89,320,0.015625
372,35.85,1,1182,35.85,0,0.0
373,267.09,2,1229,133.545,5,0.4
374,2143.59,9,1013,238.17666666666668,312,0.028846153846153848
375,133.2,1,1256,133.2,0,0.0
376,1143.8,4,1031,285.95,299,0.013377926421404682
377,2366.3,8,999,295.7875,358,0.0223463687150838
378,1333.6,4,1024,333.4,302,0.013245033112582781
379,1582.08,8,1102,197.76,236,0.03389830508474576
380,1172.66,6,1079,195.44333333333336,259,0.023166023166023165
381,1087.62,4,1040,271.905,136,0.029411764705882353
382,2467.11,9,1009,274.12333333333333,310,0.02903225806451613
383,800.5600000000001,4,1078,200.14000000000001,249,0.01606425702811245
384,339.16999999999996,2,1304,169.58499999999998,3,0.6666666666666666
385,1338.28,4,1218,334.57,122,0.03278688524590164
386,773.11,4,1155,193.2775,164,0.024390243902439025
387,47.52,1,998,47.52,0,0.0
388,1787.4199999999998,8,1027,223.42749999999998,310,0.025806451612903226
389,522.89,3,1116,174.29666666666665,198,0.015151515151515152
390,281.95,1,1036,281.95,0,0.0
391,1990.15,7,1048,284.3071428571429,278,0.025179856115107913
392,1533.34,7,1007,219.04857142857142,326,0.02147239263803681
393,1960.83,8,1079,245.10375,255,0.03137254901960784
394,2346.48,8,999,293.31,235,0.03404255319148936
395,680.27,2,1007,340.135,119,0.01680672268907563
396,865.73,3,1018,288.57666666666665,112,0.026785714285714284
397,2322.98,9,1007,258.1088888888889,312,0.028846153846153848
398,1678.1200000000001,6,1028,279.68666666666667,291,0.020618556701030927
399,568.35,2,997,284.175,220,0.00909090909090909
400,2309.85,8,1030,288.73125,327,0.024464831804281346
401,1273.3600000000001,4,1049,318.34000000000003,308,0.012987012987012988
402,609.5799999999999,2,1179,304.78999999999996,119,0.01680672268907563
403,1645.76,7,1007,235.10857142857142,302,0.023178807947019868
404,2787.1,9,1007,309.67777777777775,323,0.02786377708978328
405,508.49,3,1066,169.49666666666667,281,0.010676156583629894
406,2017.78,8,1106,252.2225,190,0.042105263157894736
407,2722.74,9,1016,302.52666666666664,331,0.027190332326283987
408,2101.4,7,1026,300.2,251,0.027888446215139442
409,1524.8400000000001,9,1042,169.42666666666668,247,0.03643724696356275
410,1426.2,6,1070,237.70000000000002,249,0.024096385542168676
411,87.02,1,1250,87.02,0,0.0
412,184.86,1,1310,184.86,0,0.0
413,1592.6100000000001,5,1208,318.52200000000005,135,0.037037037037037035
414,1497.89,7,1010,213.98428571428573,280,0.025
415,354.64,1,1166,354.64,0,0.0
416,1442.26,5,1048,288.452,254,0.01968503937007874
417,873.63,3,1058,291.21,114,0.02631578947368421
418,1282.72,3,1069,427.5733333333333,229,0.013100436681222707
419,1254.4299999999998,5,1043,250.88599999999997,196,0.025510204081632654
420,2140.54,8,1066,267.5675,280,0.02857142857142857
421,594.4200000000001,2,1018,297.21000000000004,42,0.047619047619047616
422,1770.89,7,1002,252.98428571428573,285,0.02456140350877193
423,1329.4499999999998,5,1025,265.89,319,0.01567398119122257
424,965.41,7,1079,137.91571428571427,268,0.026119402985074626
425,1768.53,9,1082,196.50333333333333,230,0.0391304347826087
426,1465.9299999999998,7,1033,209.4185714285714,302,0.023178807947019868
427,521.56,3,1021,173.85333333333332,223,0.013452914798206279
428,2414.15,8,1196,301.76875,110,0.07272727272727272
429,1361.3899999999999,5,1004,272.27799999999996,343,0.014577259475218658
430,148.98,1,1032,148.98,0,0.0
431,233.87,2,1015,116.935,235,0.00851063829787234
432,1834.48,7,1024,262.06857142857143,278,0.025179856115107913
433,1302.43,5,1077,260.486,138,0.036231884057971016
434,41.19,1,1208,41.19,0,0.0
435,488.45,1,1327,488.45,0,0.0
436,543.99,3,1112,181.33,138,0.021739130434782608
437,1698.21,8,1032,212.27625,323,0.02476780185758514
438,2131.01,7,1018,304.43,326,0.02147239263803681
439,1373.54,7,1032,196.22,281,0.02491103202846975
440,1920.61,8,1017,240.07625,326,0.024539877300613498
441,2560.36,8,993,320.045,274,0.029197080291970802
442,412.55,1,1086,412.55,0,0.0
443,1115.64,5,1115,223.12800000000001,192,0.026041666666666668
444,387.51,2,1014,193.755,18,0.1111111111111111
445,1002.46,5,1058,200.49200000000002,254,0.01968503937007874
446,1516.93,6,1103,252.8216666666667,240,0.025
447,169.69,1,994,169.69,0,0.0
448,1461.03,7,1017,208.71857142857144,338,0.020710059171597635
449,1460.65,5,1082,292.13,153,0.032679738562091505
450,1527.63,5,1007,305.526,234,0.021367521367521368
451,364.46,2,1129,182.23,20,0.1
452,2341.48,8,1016,292.685,299,0.026755852842809364
453,346.54,1,1147,346.54,0,0.0
454,472.88,2,998,236.44,91,0.02197802197802198
455,565.79,3,1006,188.59666666666666,228,0.013157894736842105
456,2402.0,9,1031,266.8888888888889,297,0.030303030303030304
457,1730.33,8,1067,216.29125,281,0.028469750889679714
458,2767.15,9,1086,307.4611111111111,182,0.04945054945054945
459,62.87,1,1091,62.87,0,0.0
460,336.72,1,1234,336.72,0,0.0
461,449.87,1,1339,449.87,0,0.0
462,391.36,3,1221,130.45333333333335,78,0.038461538461538464
463,1668.22,7,1016,238.31714285714287,319,0.0219435736677116
464,2166.33,9,1024,240.70333333333332,317,0.028391167192429023
465,1217.08,4,994,304.27,215,0.018604651162790697
466,1918.1599999999999,8,1058,239.76999999999998,253,0.03162055335968379
467,1104.21,4,1027,276.0525,284,0.014084507042253521
468,818.31,4,1212,204.5775,135,0.02962962962962963
469,1626.7,6,1008,271.1166666666667,272,0.022058823529411766
470,1916.68,6,1030,319.44666666666666,251,0.02390438247011952
471,1109.17,5,1112,221.834,211,0.023696682464454975
472,2217.2799999999997,9,994,246.36444444444442,361,0.024930747922437674
473,251.45999999999998,3,1001,83.82,279,0.010752688172043012
474,2460.07,9,997,273.3411111111111,253,0.03557312252964427
475,1635.1299999999999,6,1052,272.52166666666665,294,0.02040816326530612
476,2145.93,8,1046,268.24125,258,0.031007751937984496
477,806.96,6,1020,134.49333333333334,327,0.01834862385321101
478,1615.8400000000001,5,1038,323.168,311,0.01607717041800643
479,1184.28,5,1049,236.856,275,0.01818181818181818
480,1351.01,8,1034,168.87625,230,0.034782608695652174
481,3386.04,9,1146,376.2266666666667,178,0.05056179775280899
482,2624.42,9,1079,291.6022222222222,220,0.04090909090909091
483,1262.48,6,1052,210.41333333333333,305,0.019672131147540985
484,988.39,7,1038,141.19857142857143,267,0.026217228464419477
485,2129.71,7,1004,304.2442857142857,300,0.023333333333333334
486,758.73,4,1053,189.6825,211,0.018957345971563982
487,1624.23,7,1000,232.03285714285715,283,0.024734982332155476
488,393.84,1,1086,393.84,0,0.0
489,1101.11,6,1034,183.51833333333332,293,0.020477815699658702
490,2063.08,7,1034,294.7257142857143,216,0.032407407407407406
491,1483.12,6,1047,247.18666666666664,216,0.027777777777777776
492,1491.8,5,1005,298.36,278,0.017985611510791366
493,976.0,4,1022,244.0,249,0.01606425702811245
494,269.73,1,1207,269.73,0,0.0
495,1738.1399999999999,6,1016,289.69,305,0.019672131147540985
496,216.79,2,1216,108.395,35,0.05714285714285714
497,1554.77,6,1010,259.12833333333333,259,0.023166023166023165
498,763.91,2,1154,381.955,182,0.01098901098901099
499,458.77,2,1028,229.385,48,0.041666666666666664
500,2429.2200000000003,9,1057,269.91333333333336,232,0.03879310344827586
501,1317.1799999999998,8,995,164.64749999999998,325,0.024615384615384615
502,703.3299999999999,4,1035,175.83249999999998,238,0.01680672268907563
503,1336.58,6,1022,222.76333333333332,265,0.022641509433962263
504,551.93,3,1211,183.97666666666666,107,0.028037383177570093
505,2312.7,7,1005,330.38571428571424,306,0.02287581699346405
506,1009.74,4,1280,252.435,61,0.06557377049180328
507,2325.03,9,1074,258.3366666666667,252,0.03571428571428571
508,1536.61,5,1086,307.322,269,0.01858736059479554
509,2446.54,9,997,271.8377777777778,316,0.028481012658227847
510,392.1,1,1267,392.1,0,0.0
511,2027.8799999999999,9,1000,225.32,329,0.02735562310030395
512,1362.35,5,1021,272.46999999999997,243,0.0205761316872428
513,172.81,1,1188,172.81,0,0.0
514,1606.29,6,1057,267.715,272,0.022058823529411766
515,1639.58,6,1021,273.2633333333333,334,0.017964071856287425
516,612.22,3,1091,204.07333333333335,239,0.012552301255230125
517,1073.98,5,1003,214.796,274,0.01824817518248175
518,3078.6,9,1041,342.06666666666666,294,0.030612244897959183
519,1894.4,9,1032,210.4888888888889,207,0.043478260869565216
520,1959.29,5,1008,391.858,242,0.02066115702479339
521,645.75,2,1256,322.875,90,0.022222222222222223
522,2557.54,9,1045,284.1711111111111,270,0.03333333333333333
523,2090.02,9,1000,232.22444444444443,338,0.026627218934911243
524,2565.36,9,1031,285.04,245,0.036734693877551024
525,462.44,4,1099,115.61,257,0.01556420233463035
526,446.32,4,1090,111.58,241,0.016597510373443983
527,343.51,3,1002,114.50333333333333,220,0.013636363636363636
528,1353.55,6,1005,225.59166666666667,320,0.01875
529,2333.7200000000003,8,1033,291.71500000000003,227,0.03524229074889868
530,1311.6399999999999,6,1028,218.60666666666665,166,0.03614457831325301
531,2008.12,9,1039,223.12444444444444,270,0.03333333333333333
532,2372.58,8,1033,296.5725,320,0.025
533,388.31,1,1104,388.31,0,0.0
534,536.31,3,1021,178.76999999999998,224,0.013392857142857142
535,2145.98,8,1027,268.2475,275,0.02909090909090909
536,1639.36,4,1126,409.84,173,0.023121387283236993
537,2067.57,6,995,344.595,335,0.01791044776119403
538,651.88,2,1157,325.94,51,0.0392156862745098
539,1286.35,6,1108,214.39166666666665,248,0.024193548387096774
540,649.47,2,1238,324.735,92,0.021739130434782608
541,185.03,2,1169,92.515,58,0.034482758620689655
542,344.77,3,1078,114.92333333333333,236,0.012711864406779662
543,939.83,5,1015,187.966,336,0.01488095238095238
544,1099.45,4,996,274.8625,350,0.011428571428571429
545,452.87,2,1083,226.435,182,0.01098901098901099
546,575.05,2,1333,287.525,4,0.5
547,716.14,3,1014,238.71333333333334,324,0.009259259259259259
548,2116.14,9,1003,235.12666666666667,318,0.02830188679245283
549,358.67,2,1059,179.335,202,0.009900990099009901
550,2140.26,8,1002,267.5325,204,0.0392156862745098
551,3027.91,9,1023,336.4344444444444,268,0.033582089552238806
552,1049.96,3,1113,349.9866666666667,101,0.0297029702970297
553,2125.61,7,1026,303.65857142857146,258,0.027131782945736434
554,1822.54,6,999,303.75666666666666,187,0.03208556149732621
555,393.99,2,1071,196.995,178,0.011235955056179775
556,2132.54,7,995,304.6485714285714,351,0.019943019943019943
557,1179.98,3,1010,393.32666666666665,335,0.008955223880597015
558,1722.97,6,1032,287.1616666666667,325,0.018461538461538463
559,2151.66,7,1068,307.38,248,0.028225806451612902
560,203.34,2,1014,101.67,195,0.010256410256410256
561,1369.4,6,999,228.23333333333335,334,0.017964071856287425
562,2160.95,9,1034,240.10555555555553,291,0.030927835051546393
563,1090.13,5,1004,218.026,329,0.015197568389057751
564,1859.23,7,1018,265.6042857142857,232,0.03017241379310345
565,2436.25,6,1020,406.0416666666667,317,0.01892744479495268
566,1867.21,7,1022,266.7442857142857,328,0.021341463414634148
567,472.36,1,1348,472.36,0,0.0
568,1051.21,3,1071,350.40333333333336,152,0.019736842105263157
569,1550.8500000000001,6,1017,258.475,207,0.028985507246376812
570,2358.04,7,1099,336.86285714285714,207,0.033816425120772944
571,962.48,3,1058,320.82666666666665,157,0.01910828025477707
572,538.06,2,995,269.03,15,0.13333333333333333
573,1331.4,5,1050,266.28000000000003,270,0.018518518518518517
574,2437.4,9,993,270.82222222222225,300,0.03
575,1550.26,9,1052,172.2511111111111,298,0.030201342281879196
576,755.9300000000001,4,1115,188.98250000000002,165,0.024242424242424242
577,2373.23,8,1079,296.65375,196,0.04081632653061224
578,715.6,3,1068,238.53333333333333,133,0.022556390977443608
579,402.41,2,1156,201.205,2,1.0
580,232.75,2,1013,116.375,46,0.043478260869565216
581,407.65999999999997,2,1173,203.82999999999998,39,0.05128205128205128
582,1876.3600000000001,7,1071,268.0514285714286,278,0.025179856115107913
583,783.96,4,1107,195.99,82,0.04878048780487805
584,1677.08,7,1128,239.58285714285714,211,0.03317535545023697
585,1709.36,6,1062,284.8933333333333,287,0.020905923344947737
586,1667.53,5,1217,333.506,130,0.038461538461538464
587,623.49,3,1036,207.83,122,0.02459016393442623
588,1726.51,8,1010,215.81375,345,0.02318840579710145
589,2356.94,9,995,261.88222222222225,338,0.026627218934911243
590,1383.59,9,1023,153.73222222222222,307,0.029315960912052116
591,215.12,1,1198,215.12,0,0.0
592,2642.14,8,1027,330.2675,311,0.02572347266881029
593,2959.62,9,998,328.84666666666664,358,0.025139664804469275
594,2544.69,9,994,282.74333333333334,354,0.025423728813559324
595,2270.36,8,1103,283.795,253,0.03162055335968379
596,1346.76,5,1094,269.352,151,0.033112582781456956
597,1726.8999999999999,7,1068,246.7,287,0.024390243902439025
598,1906.1000000000001,7,998,272.3,250,0.028
599,2347.42,9,1091,260.82444444444445,251,0.035856573705179286
600,865.0,4,1037,216.25,176,0.022727272727272728
601,2473.79,8,1041,309.22375,195,0.041025641025641026
602,1158.83,9,1063,128.7588888888889,217,0.041474654377880185
603,1476.4,5,1012,295.28000000000003,288,0.017361111111111112
604,437.92999999999995,3,1061,145.97666666666666,76,0.039473684210526314
605,1187.98,4,1000,296.995,337,0.011869436201780416
606,271.99,1,1158,271.99,0,0.0
607,1489.51,5,1005,297.902,329,0.015197568389057751
608,2463.96,9,995,273.7733333333333,285,0.031578947368421054
609,110.77,1,1152,110.77,0,0.0
610,1504.22,5,1095,300.844,179,0.027932960893854747
611,624.87,3,1062,208.29,238,0.012605042016806723
612,1688.29,7,1010,241.18428571428572,318,0.0220125786163522
613,612.18,3,1028,204.05999999999997,207,0.014492753623188406
614,1239.16,3,1014,413.05333333333334,171,0.017543859649122806
615,481.67999999999995,3,1185,160.55999999999997,75,0.04
616,1674.35,8,1108,209.29375,224,0.03571428571428571
617,2146.58,7,1016,306.6542857142857,293,0.023890784982935155
618,1025.54,7,1017,146.50571428571428,322,0.021739130434782608
619,244.19,1,1258,244.19,0,0.0
620,694.35,3,1007,231.45000000000002,56,0.05357142857142857
621,204.8,2,1309,102.4,47,0.0425531914893617
622,754.54,5,1018,150.908,292,0.017123287671232876
623,1074.25,7,1034,153.46428571428572,294,0.023809523809523808
624,934.44,4,1123,233.61,225,0.017777777777777778
625,2452.39,9,1002,272.48777777777775,310,0.02903225806451613
626,2416.9,8,1021,302.1125,318,0.025157232704402517
627,1929.48,6,1110,321.58,206,0.02912621359223301
628,67.65,1,1235,67.65,0,0.0
629,657.3699999999999,3,1068,219.1233333333333,23,0.13043478260869565
630,942.44,2,1089,471.22,144,0.013888888888888888
631,238.83,1,1226,238.83,0,0.0
632,1060.8600000000001,6,1046,176.81000000000003,201,0.029850746268656716
633,1985.72,8,995,248.215,340,0.023529411764705882
634,1053.54,4,1086,263.385,215,0.018604651162790697
635,1574.74,5,1207,314.948,102,0.049019607843137254
636,1041.72,5,1034,208.344,294,0.017006802721088437
637,1629.96,8,1066,203.745,182,0.04395604395604396
638,194.63,2,1082,97.315,239,0.008368200836820083
639,1874.22,8,995,234.2775,359,0.022284122562674095
640,2408.65,8,1005,301.08125,229,0.034934497816593885
641,1717.5700000000002,9,1027,190.84111111111113,302,0.029801324503311258
642,1587.38,6,1167,264.56333333333333,178,0.033707865168539325
643,1060.42,7,996,151.48857142857145,337,0.020771513353115726
644,266.05,2,1049,133.025,6,0.3333333333333333
645,328.56,1,1145,328.56,0,0.0
646,163.69,1,1231,163.69,0,0.0
647,12.46,1,1346,12.46,0,0.0
648,1028.17,3,1173,342.72333333333336,131,0.022900763358778626
649,759.5699999999999,4,1043,189.89249999999998,136,0.029411764705882353
650,499.67,2,995,249.835,291,0.006872852233676976
651,1467.02,7,1015,209.5742857142857,338,0.020710059171597635
652,1245.86,5,1072,249.17199999999997,269,0.01858736059479554
653,392.17,1,1115,392.17,0,0.0
654,1437.17,9,1055,159.68555555555557,174,0.05172413793103448
655,2097.25,9,1139,233.02777777777777,215,0.04186046511627907
656,1567.52,7,1038,223.93142857142857,301,0.023255813953488372
657,1135.3,5,1110,227.06,40,0.125
658,1132.79,6,1101,188.79833333333332,180,0.03333333333333333
659,1658.16,6,1024,276.36,281,0.021352313167259787
660,2676.26,8,1066,334.5325,282,0.028368794326241134
661,1579.69,8,1001,197.46125,263,0.030418250950570342
662,758.41,4,1164,189.6025,124,0.03225806451612903
663,1160.99,6,1096,193.49833333333333,217,0.027649769585253458
664,1972.94,6,1027,328.8233333333333,285,0.021052631578947368
665,1405.19,5,1116,281.038,199,0.02512562814070352
666,474.38,1,1344,474.38,0,0.0
667,1442.15,6,1119,240.35833333333335,233,0.02575107296137339
668,1668.59,7,999,238.36999999999998,353,0.019830028328611898
669,2232.41,8,1052,279.05125,249,0.0321285140562249
670,143.34,1,1049,143.34,0,0.0
671,2587.47,9,1013,287.49666666666667,343,0.026239067055393587
672,77.31,1,1208,77.31,0,0.0
673,1779.5,8,1018,222.4375,294,0.027210884353741496
674,2314.49,9,1095,257.16555555555556,226,0.03982300884955752
675,2461.3,9,998,273.4777777777778,333,0.02702702702702703
676,923.55,5,994,184.70999999999998,335,0.014925373134328358
677,308.82,1,1246,308.82,0,0.0
678,864.3,4,1014,216.075,218,0.01834862385321101
679,1700.3,7,998,242.9,349,0.02005730659025788
680,2490.85,9,1011,276.7611111111111,345,0.02608695652173913
681,1463.19,4,1089,365.7975,208,0.019230769230769232
682,1084.11,5,1008,216.82199999999997,310,0.016129032258064516
683,1383.28,5,1030,276.656,292,0.017123287671232876
684,1240.94,5,1038,248.18800000000002,289,0.01730103806228374
685,534.74,2,1281,267.37,63,0.031746031746031744
686,1019.6700000000001,4,1020,254.91750000000002,248,0.016129032258064516
687,1446.69,9,1007,160.74333333333334,339,0.02654867256637168
688,2281.4700000000003,9,1012,253.4966666666667,274,0.032846715328467155
689,897.51,4,1003,224.3775,294,0.013605442176870748
690,638.06,3,1004,212.68666666666664,243,0.012345679012345678
691,683.19,2,1033,341.595,273,0.007326007326007326
692,1421.26,5,1031,284.252,298,0.016778523489932886
693,2154.62,8,1009,269.3275,331,0.02416918429003021
694,1500.44,7,1082,214.34857142857143,227,0.030837004405286344
695,2615.4300000000003,9,999,290.60333333333335,354,0.025423728813559324
696,55.77,1,1272,55.77,0,0.0
697,489.1,2,1101,244.55,54,0.037037037037037035
698,273.02,2,1047,136.51,149,0.013422818791946308
699,994.16,4,1028,248.54,145,0.027586206896551724
700,2810.28,8,1098,351.285,222,0.036036036036036036
701,2395.1,9,1053,266.1222222222222,298,0.030201342281879196
702,681.77,5,1067,136.35399999999998,215,0.023255813953488372
703,1289.55,7,1051,184.22142857142856,306,0.02287581699346405
704,948.6800000000001,3,1238,316.2266666666667,92,0.03260869565217391
705,1783.47,7,1120,254.78142857142856,196,0.03571428571428571
706,104.0,1,1214,104.0,0,0.0
707,35.24,1,1253,35.24,0,0.0
708,807.48,3,1009,269.16,339,0.008849557522123894
709,346.94,1,1227,346.94,0,0.0
710,1373.66,6,1019,228.94333333333336,234,0.02564102564102564
711,391.99,1,1211,391.99,0,0.0
712,1159.3899999999999,5,1021,231.878,268,0.018656716417910446
713,1792.54,8,1048,224.0675,245,0.0326530612244898
714,1170.32,8,1000,146.29,341,0.02346041055718475
715,555.91,2,1136,277.955,56,0.03571428571428571
716,3220.3,9,1037,357.81111111111113,314,0.028662420382165606
717,1950.63,7,1085,278.6614285714286,151,0.046357615894039736
718,1845.21,6,1068,307.535,238,0.025210084033613446
719,434.86,2,1089,217.43,225,0.008888888888888889
720,1551.13,6,1094,258.5216666666667,263,0.022813688212927757
721,921.3299999999999,5,1161,184.266,98,0.05102040816326531
722,814.74,3,1019,271.58,199,0.01507537688442211
723,2143.56,7,1051,306.22285714285715,266,0.02631578947368421
724,477.73,2,1213,238.865,5,0.4
725,627.29,2,1233,313.645,51,0.0392156862745098
726,2048.2,8,1002,256.025,335,0.023880597014925373
727,1252.1,6,1001,208.6833333333333,289,0.020761245674740483
728,1552.44,5,1050,310.488,284,0.017605633802816902
729,161.07,2,1005,80.535,251,0.00796812749003984
730,1247.79,6,1098,207.965,163,0.03680981595092025
731,1559.5,8,1083,194.9375,244,0.03278688524590164
732,1865.72,9,1106,207.3022222222222,209,0.0430622009569378
733,681.14,3,1043,227.04666666666665,307,0.009771986970684038
734,1047.12,5,1054,209.42399999999998,249,0.020080321285140562
735,2165.4900000000002,8,1009,270.68625000000003,313,0.025559105431309903
736,576.3,3,1142,192.1,103,0.02912621359223301
737,2132.05,9,1037,236.89444444444447,300,0.03
738,675.36,3,1221,225.12,44,0.06818181818181818
739,338.96999999999997,2,1076,169.48499999999999,256,0.0078125
740,2094.81,9,1022,232.75666666666666,333,0.02702702702702703
741,2317.66,8,1009,289.7075,277,0.02888086642599278
742,583.1,2,1176,291.55,120,0.016666666666666666
743,1118.41,4,1009,279.6025,306,0.013071895424836602
744,1132.03,6,1072,188.67166666666665,230,0.02608695652173913
745,2639.2799999999997,9,1027,293.25333333333333,285,0.031578947368421054
746,604.8199999999999,2,1065,302.40999999999997,272,0.007352941176470588
747,967.0799999999999,4,999,241.76999999999998,345,0.011594202898550725
748,284.57,2,1036,142.285,248,0.008064516129032258
749,618.27,3,1002,206.09,269,0.011152416356877323
750,2600.41,8,1019,325.05125,310,0.025806451612903226
751,1172.35,6,1089,195.39166666666665,258,0.023255813953488372
752,2056.76,9,1018,228.5288888888889,318,0.02830188679245283
753,1560.95,6,1038,260.15833333333336,234,0.02564102564102564
754,1122.07,4,1059,280.5175,236,0.01694915254237288
755,539.68,3,1185,179.89333333333332,86,0.03488372093023256
756,2081.7,6,1214,346.95,122,0.04918032786885246
757,1484.12,5,1046,296.82399999999996,299,0.016722408026755852
758,1725.5,9,1012,191.72222222222223,199,0.04522613065326633
759,575.97,2,1284,287.985,23,0.08695652173913043
760,477.75,1,1228,477.75,0,0.0
761,1309.22,9,1006,145.4688888888889,346,0.02601156069364162
762,2577.9500000000003,9,1100,286.4388888888889,232,0.03879310344827586
763,693.13,5,1043,138.626,161,0.031055900621118012
764,496.99,1,1333,496.99,0,0.0
765,1079.2,5,1103,215.84,184,0.02717391304347826
766,910.23,3,1199,303.41,74,0.04054054054054054
767,2189.69,8,1002,273.71125,326,0.024539877300613498
768,1068.46,5,1129,213.692,176,0.028409090909090908
769,1257.45,5,1173,251.49,141,0.03546099290780142
770,970.67,6,1046,161.77833333333334,302,0.019867549668874173
771,1500.63,7,1011,214.3757142857143,296,0.02364864864864865
772,1124.58,4,1056,281.145,149,0.026845637583892617
773,1918.91,8,1006,239.86375,243,0.03292181069958848
774,41.49,1,1324,41.49,0,0.0
775,1586.9,5,1022,317.38,277,0.018050541516245487
776,1647.73,5,1001,329.546,303,0.0165016501650165
777,1488.0,6,1080,248.0,250,0.024
778,2064.51,9,1043,229.39000000000001,302,0.029801324503311258
779,1563.06,6,1022,260.51,318,0.018867924528301886
780,2107.59,7,1022,301.0842857142857,316,0.022151898734177215
781,548.61,2,1157,274.305,150,0.013333333333333334
782,1042.79,5,1070,208.558,244,0.020491803278688523
783,1133.6799999999998,6,1062,188.94666666666663,279,0.021505376344086023
784,1567.71,4,1078,391.9275,192,0.020833333333333332
785,1960.77,7,1005,280.11,140,0.05
786,2141.4,9,1051,237.93333333333334,304,0.029605263157894735
787,1255.38,8,1030,156.9225,327,0.024464831804281346
788,1041.15,5,1003,208.23000000000002,224,0.022321428571428572
789,1755.6999999999998,8,993,219.46249999999998,313,0.025559105431309903
790,2782.16,9,1024,309.12888888888887,239,0.03765690376569038
791,441.32,2,1061,220.66,235,0.00851063829787234
792,1381.17,5,1005,276.23400000000004,243,0.0205761316872428
793,1189.15,6,1160,198.1916666666667,136,0.04411764705882353
794,2430.75,6,1023,405.125,325,0.018461538461538463
795,993.04,4,1095,248.26,137,0.029197080291970802
796,2309.95,9,1028,256.6611111111111,319,0.02821316614420063
797,922.22,4,1019,230.555,298,0.013422818791946308
798,953.9499999999999,6,1054,158.99166666666665,232,0.02586206896551724
799,912.13,4,1096,228.0325,202,0.019801980198019802
800,1213.09,5,1002,242.618,295,0.01694915254237288
801,1621.99,7,994,231.71285714285713,359,0.019498607242339833
802,504.29,2,1019,252.145,153,0.013071895424836602
803,2136.39,8,998,267.04875,353,0.0226628895184136
804,2218.53,7,1013,316.9328571428572,250,0.028
805,1100.6200000000001,6,995,183.4366666666667,272,0.022058823529411766
806,421.3,3,1048,140.43333333333334,83,0.03614457831325301
807,1217.41,4,1035,304.3525,94,0.0425531914893617
808,1759.63,6,1078,293.2716666666667,266,0.022556390977443608
809,1482.3600000000001,9,1017,164.70666666666668,328,0.027439024390243903
810,1290.08,4,1105,322.52,234,0.017094017094017096
811,871.11,2,1258,435.555,34,0.058823529411764705
812,2042.29,7,1005,291.7557142857143,196,0.03571428571428571
813,2206.29,8,1000,275.78625,310,0.025806451612903226
814,1650.27,9,1034,183.36333333333334,250,0.036
815,493.38,2,1007,246.69,324,0.006172839506172839
816,1299.37,8,1059,162.42125,184,0.043478260869565216
817,337.9,4,1127,84.475,225,0.017777777777777778
818,1295.74,8,1008,161.9675,333,0.024024024024024024
819,985.26,5,1050,197.052,166,0.030120481927710843
820,566.46,2,1047,283.23,112,0.017857142857142856
821,304.95,2,1105,152.475,210,0.009523809523809525
822,2275.24,9,1126,252.8044444444444,201,0.04477611940298507
823,651.38,3,1118,217.12666666666667,200,0.015
824,318.01,1,1162,318.01,0,0.0
825,1087.05,9,1020,120.78333333333333,307,0.029315960912052116
826,1099.45,6,1106,183.24166666666667,198,0.030303030303030304
827,2317.93,6,1009,386.32166666666666,284,0.02112676056338028
828,1361.59,4,1048,340.3975,124,0.03225806451612903
829,144.37,1,1137,144.37,0,0.0
830,395.99,2,1062,197.995,43,0.046511627906976744
831,1417.95,8,1013,177.24375,333,0.024024024024024024
832,1463.62,5,1032,292.724,259,0.019305019305019305
833,1000.79,5,1045,200.158,291,0.01718213058419244
834,1521.8600000000001,5,1006,304.372,310,0.016129032258064516
835,825.2,5,1090,165.04000000000002,213,0.023474178403755867
836,1130.44,6,1159,188.40666666666667,193,0.031088082901554404
837,1600.01,7,1050,228.57285714285715,282,0.024822695035460994
838,1729.93,9,1003,192.21444444444444,303,0.0297029702970297
839,1182.6,5,1008,236.51999999999998,248,0.020161290322580645
840,997.8299999999999,5,1000,199.56599999999997,228,0.021929824561403508
841,1829.46,8,1010,228.6825,344,0.023255813953488372
842,2806.69,8,1020,350.83625,323,0.02476780185758514
843,1069.53,5,1021,213.906,282,0.01773049645390071
844,1505.23,6,1021,250.87166666666667,275,0.02181818181818182
845,2238.86,8,1001,279.8575,333,0.024024024024024024
846,1667.48,5,1035,333.496,285,0.017543859649122806
847,1672.9299999999998,6,1129,278.82166666666666,204,0.029411764705882353
848,690.1600000000001,2,1047,345.08000000000004,12,0.16666666666666666
849,830.54,5,1013,166.108,127,0.03937007874015748
850,38.12,1,1255,38.12,0,0.0
851,580.18,2,1009,290.09,68,0.029411764705882353
852,569.13,4,1007,142.2825,310,0.012903225806451613
853,1178.95,3,1147,392.98333333333335,160,0.01875
854,47.85,1,1053,47.85,0,0.0
855,2656.16,8,1044,332.02,312,0.02564102564102564
856,524.36,3,1083,174.78666666666666,107,0.028037383177570093
857,379.0,1,1161,379.0,0,0.0
858,224.33,2,1079,112.165,26,0.07692307692307693
859,2320.9,9,1000,257.8777777777778,312,0.028846153846153848
860,410.36,2,1017,205.18,218,0.009174311926605505
861,258.79,2,1024,129.395,224,0.008928571428571428
862,1581.13,6,1007,263.5216666666667,320,0.01875
863,1031.04,7,1027,147.29142857142855,329,0.02127659574468085
864,1537.15,7,1003,219.59285714285716,335,0.020895522388059702
865,2739.69,9,1103,304.41,242,0.0371900826446281
866,440.09000000000003,2,1160,220.04500000000002,16,0.125
867,985.19,6,1014,164.19833333333335,340,0.01764705882352941
868,1858.01,6,1054,309.66833333333335,283,0.02120141342756184
869,1708.06,7,1071,244.00857142857143,250,0.028
870,358.81,1,1319,358.81,0,0.0
871,1268.83,4,1062,317.2075,295,0.013559322033898305
872,2710.07,8,1014,338.75875,331,0.02416918429003021
873,868.72,3,1035,289.5733333333333,236,0.012711864406779662
874,488.21,1,1110,488.21,0,0.0
875,2066.71,8,1004,258.33875,157,0.050955414012738856
876,1940.62,8,996,242.5775,356,0.02247191011235955
877,2189.5499999999997,7,1023,312.7928571428571,311,0.022508038585209004
878,2181.62,8,1076,272.7025,272,0.029411764705882353
879,328.09,1,1011,328.09,0,0.0
880,1311.23,7,1086,187.31857142857143,257,0.027237354085603113
881,189.28,1,1099,189.28,0,0.0
882,745.26,3,1042,248.42,315,0.009523809523809525
883,776.71,7,1064,110.95857142857143,224,0.03125
884,2069.03,9,1018,229.89222222222224,286,0.03146853146853147
885,2431.0299999999997,9,1056,270.1144444444444,284,0.03169014084507042
886,2197.83,7,1045,313.9757142857143,288,0.024305555555555556
887,812.28,4,1140,203.07,140,0.02857142857142857
888,436.94,3,1033,145.64666666666668,319,0.009404388714733543
889,306.88,4,1051,76.72,291,0.013745704467353952
890,369.47,2,1166,184.735,131,0.015267175572519083
891,1602.17,5,997,320.434,343,0.014577259475218658
892,183.21,1,1081,183.21,0,0.0
893,3026.91,9,1087,336.3233333333333,261,0.034482758620689655
894,983.26,3,1046,327.75333333333333,211,0.014218009478672985
895,1649.0800000000002,7,1084,235.58285714285716,268,0.026119402985074626
896,1403.03,8,1066,175.37875,291,0.027491408934707903
897,2125.28,8,1065,265.66,277,0.02888086642599278
898,2794.0,9,1063,310.44444444444446,292,0.030821917808219176
899,38.78,1,1147,38.78,0,0.0
900,353.54,3,998,117.84666666666668,240,0.0125
901,517.94,2,1159,258.97,128,0.015625
902,1040.2,7,1013,148.6,263,0.026615969581749048
903,762.78,4,1149,190.695,108,0.037037037037037035
904,1684.39,7,1009,240.62714285714287,327,0.021406727828746176
905,1222.55,8,1059,152.81875,262,0.030534351145038167
906,1235.8,5,995,247.16,172,0.029069767441860465
907,54.82,1,1070,54.82,0,0.0
908,1865.09,9,1029,207.23222222222222,305,0.029508196721311476
909,718.24,3,1072,239.41333333333333,131,0.022900763358778626
910,797.14,4,1039,199.285,288,0.013888888888888888
911,1058.9,3,1136,352.9666666666667,107,0.028037383177570093
912,1915.01,9,1011,212.7788888888889,284,0.03169014084507042
913,267.44,1,1200,267.44,0,0.0
914,1722.8,7,1016,246.1142857142857,307,0.02280130293159609
915,1786.6,7,1009,255.22857142857143,332,0.02108433734939759
916,1176.86,6,1024,196.14333333333332,239,0.02510460251046025
917,1799.3600000000001,8,1017,224.92000000000002,308,0.025974025974025976
918,1140.8200000000002,4,1013,285.20500000000004,313,0.012779552715654952
919,1547.47,7,1049,221.06714285714287,176,0.03977272727272727
920,2059.02,9,1078,228.78,260,0.03461538461538462
921,1778.2,6,1004,296.3666666666667,195,0.03076923076923077
922,1135.0,3,1069,378.3333333333333,208,0.014423076923076924
923,2462.85,9,1055,273.65,301,0.029900332225913623
924,760.13,2,1177,380.065,126,0.015873015873015872
925,1930.4099999999999,5,1049,386.082,134,0.03731343283582089
926,157.62,1,1083,157.62,0,0.0
927,1462.34,5,1071,292.46799999999996,242,0.02066115702479339
928,2584.66,8,1082,323.0825,249,0.0321285140562249
929,358.27,1,1156,358.27,0,0.0
930,809.61,2,1200,404.805,98,0.02040816326530612
931,1985.28,5,1011,397.056,314,0.01592356687898089
932,350.46,1,1316,350.46,0,0.0
933,74.06,1,1115,74.06,0,0.0
934,282.29,1,1327,282.29,0,0.0
935,939.39,4,1196,234.8475,83,0.04819277108433735
936,2591.57,9,995,287.95222222222225,274,0.032846715328467155
937,1842.6599999999999,7,1073,263.2371428571428,183,0.03825136612021858
938,695.9300000000001,3,1143,231.9766666666667,174,0.017241379310344827
939,394.48,1,1172,394.48,0,0.0
940,1536.43,7,1048,219.49,296,0.02364864864864865
941,1440.83,6,1000,240.13833333333332,313,0.019169329073482427
942,1539.42,7,1033,219.91714285714286,305,0.022950819672131147
943,398.92,2,1144,199.46,179,0.0111731843575419
944,1280.1000000000001,5,1100,256.02000000000004,214,0.02336448598130841
945,541.1999999999999,5,1110,108.23999999999998,219,0.0228310502283105
946,451.82,3,1053,150.60666666666665,200,0.015
947,589.06,3,1102,196.35333333333332,162,0.018518518518518517
948,1416.12,5,1077,283.224,222,0.02252252252252252
949,956.3,4,1090,239.075,189,0.021164021164021163
950,1085.17,4,1023,271.2925,204,0.0196078431372549
951,1494.92,7,1062,213.56,288,0.024305555555555556
952,344.33,1,1333,344.33,0,0.0
953,2580.58,9,1002,286.7311111111111,345,0.02608695652173913
954,2009.3200000000002,6,1048,334.8866666666667,176,0.03409090909090909
955,1453.74,6,1009,242.29,346,0.017341040462427744
956,858.04,3,1115,286.0133333333333,151,0.019867549668874173
957,32.8,1,1191,32.8,0,0.0
958,972.8,5,1069,194.56,272,0.01838235294117647
959,285.35,1,1196,285.35,0,0.0
960,1553.52,6,1066,258.92,240,0.025
961,964.3299999999999,3,997,321.4433333333333,79,0.0379746835443038
962,1021.08,4,1035,255.27,293,0.013651877133105802
963,660.3299999999999,3,997,220.10999999999999,333,0.009009009009009009
964,2348.82,9,1009,260.98,269,0.03345724907063197
965,213.98,1,1060,213.98,0,0.0
966,2097.75,7,1025,299.67857142857144,322,0.021739130434782608
967,230.71,1,1153,230.71,0,0.0
968,344.12,2,1223,172.06,83,0.024096385542168676
969,1296.96,4,1056,324.24,250,0.016
970,748.6800000000001,6,1062,124.78000000000002,230,0.02608695652173913
971,283.95,2,1140,141.975,152,0.013157894736842105
972,1105.44,3,1239,368.48,67,0.04477611940298507
973,56.53,1,1017,56.53,0,0.0
974,1789.81,6,1030,298.3016666666667,300,0.02
975,1892.1799999999998,7,1015,270.31142857142856,257,0.027237354085603113
976,557.62,2,1282,278.81,72,0.027777777777777776
977,772.3399999999999,3,1125,257.44666666666666,105,0.02857142857142857
978,1465.5,7,1044,209.35714285714286,285,0.02456140350877193
979,1711.28,7,1083,244.46857142857144,215,0.03255813953488372
980,2079.5,8,1000,259.9375,312,0.02564102564102564
981,285.43,1,1300,285.43,0,0.0
982,913.21,6,1098,152.20166666666668,223,0.026905829596412557
983,1395.3000000000002,5,1033,279.06000000000006,263,0.019011406844106463
984,1127.04,8,1002,140.88,341,0.02346041055718475
985,1752.58,5,1002,350.51599999999996,277,0.018050541516245487
986,1392.61,7,1076,198.9442857142857,256,0.02734375
987,1683.65,7,1002,240.52142857142857,320,0.021875
988,2543.12,9,1026,282.56888888888886,328,0.027439024390243903
989,1530.42,7,1097,218.6314285714286,244,0.028688524590163935
990,483.5,1,1172,483.5,0,0.0
991,801.36,3,1001,267.12,148,0.02027027027027027
992,311.62,1,1262,311.62,0,0.0
993,81.64,1,1310,81.64,0,0.0
994,1801.34,9,1008,200.14888888888888,336,0.026785714285714284
995,1020.0,5,997,204.0,283,0.0176678445229682
996,227.25,1,1153,227.25,0,0.0
997,419.82,2,1060,209.91,80,0.025
998,252.15,1,1097,252.15,0,0.0
999,2393.2599999999998,9,1017,265.91777777777776,321,0.028037383177570093
1000,1670.79,6,1011,278.465,249,0.024096385542168676
